20 17 4.074557781219482 -2.3240394083892597 -0.6266148686408997 -9.204228973388672 1.9781180381774883
40 27 5.175012111663818 -1.5633217660641228 -0.4263896942138672 -8.516008234024047 3.965081238746643
41 28 5.175012111663818 -1.5444714715704322 -0.7309516072273254 -8.442370724678039 3.9468351483345026
42 28 5.175012111663818 -1.459630518220365 -0.7309516072273254 -8.442370724678039 3.9468351483345026
43 29 5.175012111663818 -1.2460133239369968 -0.4263896942138672 -8.368733215332032 4.47098398208618
44 29 5.175012111663818 -1.2460133239369968 -0.4263896942138672 -8.368733215332032 4.47098398208618
45 30 5.175012111663818 -1.6649830928693214 -0.7309516072273254 -11.62933349609375 4.437948465347288
46 30 5.175012111663818 -1.6649830928693214 -0.7309516072273254 -11.62933349609375 4.437948465347288
47 30 5.175012111663818 -1.6649830928693214 -0.7309516072273254 -11.62933349609375 4.437948465347288
48 30 5.175012111663818 -1.6649830928693214 -0.7309516072273254 -11.62933349609375 4.437948465347288
49 30 5.175012111663818 -1.6649830928693214 -0.7309516072273254 -11.62933349609375 4.437948465347288
50 31 5.175012111663818 -1.5879633302890486 -0.4263896942138672 -11.386469841003418 4.404912948608398
51 31 5.175012111663818 -1.5879633302890486 -0.4263896942138672 -11.386469841003418 4.404912948608398
52 31 5.175012111663818 -1.5879633302890486 -0.4263896942138672 -11.386469841003418 4.404912948608398
53 31 5.175012111663818 -1.5607310294383956 -0.4263896942138672 -11.386469841003418 4.404912948608398
54 31 5.175012111663818 -1.5607310294383956 -0.4263896942138672 -11.386469841003418 4.404912948608398
55 31 5.175012111663818 -1.5607310294383956 -0.4263896942138672 -11.386469841003418 4.404912948608398
56 31 5.175012111663818 -1.4717380363614327 -0.4263896942138672 -11.386469841003418 4.404912948608398
57 32 5.175012111663818 -1.2866718226578087 -0.15088526532053947 -11.143606185913086 4.578580093383789
58 32 5.175012111663818 -1.250091916648671 -0.15088526532053947 -11.143606185913086 4.578580093383789
59 32 5.175012111663818 -1.2330289471428841 -0.15088526532053947 -11.143606185913086 4.578580093383789
60 32 5.175012111663818 -1.2330289471428841 -0.15088526532053947 -11.143606185913086 4.578580093383789
61 32 5.175012111663818 -1.2271458494942635 -0.15088526532053947 -11.143606185913086 4.578580093383789
62 33 5.175012111663818 -1.3958168162992506 -0.4263896942138672 -10.900742530822754 4.56433572769165
63 33 5.175012111663818 -1.3518994565714488 -0.4263896942138672 -10.900742530822754 4.56433572769165
64 33 5.175012111663818 -1.2338862877452013 0.12461916357278824 -10.900742530822754 4.56433572769165
65 33 5.175012111663818 -1.2338862877452013 0.12461916357278824 -10.900742530822754 4.56433572769165
66 33 5.175012111663818 -1.2338862877452013 0.12461916357278824 -10.900742530822754 4.56433572769165
67 33 5.175012111663818 -1.2338862877452013 0.12461916357278824 -10.900742530822754 4.56433572769165
68 33 5.175012111663818 -1.2338862877452013 0.12461916357278824 -10.900742530822754 4.56433572769165
69 33 5.175012111663818 -1.2338862877452013 0.12461916357278824 -10.900742530822754 4.56433572769165
70 34 5.175012111663818 -1.196172669858617 0.08649794198572636 -10.657878875732422 4.550091361999511
71 34 5.175012111663818 -1.1490805310142391 0.08649794198572636 -10.657878875732422 4.550091361999511
72 34 5.175012111663818 -1.028672399218468 0.29393864050507545 -10.657878875732422 4.550091361999511
73 35 5.175012111663818 -1.1413297911839826 0.12461916357278824 -10.41501522064209 4.535846996307372
74 35 5.175012111663818 -1.1080790914595127 0.12461916357278824 -10.41501522064209 4.535846996307372
75 36 5.175012111663818 -1.2241933199887474 0.08649794198572636 -10.172151565551758 4.521602630615234
76 37 5.175012111663818 -1.2812727773310364 0.048376720398664474 -9.929287910461426 4.507358264923094
77 38 5.874670505523682 -1.092958480413807 0.08649794198572636 -9.686424255371094 4.801229715347289
78 39 5.874670505523682 -0.9951722364968214 0.12461916357278824 -9.443560600280762 4.779242515563966
79 39 5.874670505523682 -0.9951722364968214 0.12461916357278824 -9.443560600280762 4.779242515563966
80 39 5.874670505523682 -0.9951722364968214 0.12461916357278824 -9.443560600280762 4.779242515563966
81 39 5.874670505523682 -0.9951722364968214 0.12461916357278824 -9.443560600280762 4.779242515563966
82 39 5.874670505523682 -0.9345505999831053 0.46325811743736267 -9.443560600280762 4.779242515563966
83 39 5.874670505523682 -0.9345505999831053 0.46325811743736267 -9.443560600280762 4.779242515563966
84 39 5.874670505523682 -0.8883777182453718 0.46325811743736267 -9.443560600280762 4.779242515563966
85 40 5.874670505523682 -0.8679658401757478 0.29393864050507545 -9.20069694519043 4.757255315780639
86 40 5.874670505523682 -0.822601367905736 0.29393864050507545 -9.20069694519043 4.757255315780639
87 40 5.874670505523682 -0.692990668490529 0.5664320141077042 -9.20069694519043 4.757255315780639
88 41 5.874670505523682 -0.7579676774216861 0.46325811743736267 -8.957833290100098 4.7352681159973145
89 41 5.874670505523682 -0.6942890551758976 0.46325811743736267 -8.957833290100098 4.7352681159973145
90 42 5.874670505523682 -0.7263486147636459 0.29393864050507545 -8.884195780754089 4.721023750305174
91 42 5.874670505523682 -0.7263486147636459 0.29393864050507545 -8.884195780754089 4.721023750305174
92 42 5.874670505523682 -0.7263486147636459 0.29393864050507545 -8.884195780754089 4.721023750305174
93 42 5.874670505523682 -0.7263486147636459 0.29393864050507545 -8.884195780754089 4.721023750305174
94 43 5.874670505523682 -1.0035371215537536 0.12461916357278824 -12.276692295074463 4.706779384613037
95 44 5.874670505523682 -1.310825097628615 0.026358284056186676 -13.63965859413147 4.692535018920899
96 44 5.874670505523682 -1.310825097628615 0.026358284056186676 -13.63965859413147 4.692535018920899
97 44 5.874670505523682 -1.2324363308196717 0.026358284056186676 -13.63965859413147 5.109050512313844
98 44 5.874670505523682 -1.121672767468474 0.29393864050507545 -13.63965859413147 5.109050512313844
99 45 5.874670505523682 -1.52490836944845 0.12461916357278824 -13.989409065246582 5.087063312530517
100 45 5.874670505523682 -1.52490836944845 0.12461916357278824 -13.989409065246582 5.087063312530517
101 46 5.874670505523682 -1.365802471080552 0.29393864050507545 -13.978515148162842 5.408297061920166
102 46 5.874670505523682 -1.342602892090445 0.29393864050507545 -13.978515148162842 5.408297061920166
103 46 5.874670505523682 -1.342602892090445 0.29393864050507545 -13.978515148162842 5.408297061920166
104 46 5.874670505523682 -1.2161581998933917 0.5664320141077042 -13.978515148162842 5.408297061920166
105 46 5.874670505523682 -0.9110889263127161 0.5664320141077042 -13.522693395614624 5.408297061920166
106 46 5.874670505523682 -0.9110889263127161 0.5664320141077042 -13.522693395614624 5.408297061920166
107 46 5.874670505523682 -0.9110889263127161 0.5664320141077042 -13.522693395614624 5.408297061920166
108 47 5.874670505523682 -1.0165798749695434 0.46325811743736267 -13.4642107963562 5.392744731903075
109 47 5.874670505523682 -0.9994132097097154 0.46325811743736267 -13.4642107963562 5.392744731903075
110 47 5.874670505523682 -0.9994132097097154 0.46325811743736267 -13.4642107963562 5.392744731903075
111 47 5.874670505523682 -0.9994132097097154 0.46325811743736267 -13.4642107963562 5.392744731903075
112 47 5.874670505523682 -0.9994132097097154 0.46325811743736267 -13.4642107963562 5.392744731903075
113 47 5.874670505523682 -0.9994132097097154 0.46325811743736267 -13.4642107963562 5.392744731903075
114 47 5.874670505523682 -0.9994132097097154 0.46325811743736267 -13.4642107963562 5.392744731903075
115 47 5.874670505523682 -0.9712817240902718 0.6696059107780457 -13.4642107963562 5.392744731903075
116 47 5.874670505523682 -0.9712817240902718 0.6696059107780457 -13.4642107963562 5.392744731903075
117 47 5.874670505523682 -0.9712817240902718 0.6696059107780457 -13.4642107963562 5.392744731903075
118 48 5.874670505523682 -0.9826914025470614 0.39711253717541695 -13.405728197097778 5.377192401885986
119 48 5.874670505523682 -0.9174052057787776 0.39711253717541695 -13.405728197097778 5.377192401885986
120 48 5.874670505523682 -0.9174052057787776 0.39711253717541695 -13.405728197097778 5.377192401885986
121 49 5.874670505523682 -0.8497765578177511 0.6696059107780457 -13.347245597839356 5.361640071868894
122 49 5.874670505523682 -0.8497765578177511 0.6696059107780457 -13.347245597839356 5.361640071868894
123 50 5.874670505523682 -0.87142981082201 0.39711253717541695 -13.288762998580932 5.346087741851806
124 50 5.874670505523682 -0.87142981082201 0.39711253717541695 -13.288762998580932 5.346087741851806
125 50 5.874670505523682 -0.87142981082201 0.39711253717541695 -13.288762998580932 5.346087741851806
126 50 5.874670505523682 -0.87142981082201 0.39711253717541695 -13.288762998580932 5.346087741851806
127 50 5.874670505523682 -0.8555965378880501 0.39711253717541695 -13.288762998580932 5.5085388898849486
128 51 5.874670505523682 -0.7922076387148277 0.6696059107780457 -13.23028039932251 5.506495237350464
129 51 5.874670505523682 -0.7922076387148277 0.6696059107780457 -13.23028039932251 5.506495237350464
130 51 5.874670505523682 -0.7922076387148277 0.6696059107780457 -13.23028039932251 5.506495237350464
131 52 5.874670505523682 -1.0189044065773487 0.39711253717541695 -13.171797800064086 5.504451584815979
132 52 5.874670505523682 -1.0189044065773487 0.39711253717541695 -13.171797800064086 5.504451584815979
133 52 5.874670505523682 -0.7286258067649144 0.8279914855957031 -13.171797800064086 5.504451584815979
134 52 5.874670505523682 -0.7286258067649144 0.8279914855957031 -13.171797800064086 5.504451584815979
135 52 5.874670505523682 -0.6998575965945537 0.8279914855957031 -13.171797800064086 5.504451584815979
136 53 5.874670505523682 -0.5940575908939794 0.9863770604133606 -13.113315200805664 5.5024079322814945
137 53 5.874670505523682 -0.4784678125156547 1.4498285055160522 -13.113315200805664 5.5024079322814945
138 53 5.874670505523682 -0.4142326545321716 1.7854379415512085 -13.113315200805664 5.5024079322814945
139 53 5.874670505523682 -0.3096349718716909 1.787108063697815 -13.113315200805664 5.5024079322814945
140 53 5.874670505523682 -0.3096349718716909 1.787108063697815 -13.113315200805664 5.5024079322814945
141 53 5.874670505523682 -0.3096349718716909 1.787108063697815 -13.113315200805664 5.5024079322814945
142 53 5.874670505523682 -0.3096349718716909 1.787108063697815 -13.113315200805664 5.5024079322814945
143 53 5.874670505523682 -0.2923875559332236 1.787108063697815 -13.113315200805664 5.5024079322814945
144 53 5.874670505523682 -0.2923875559332236 1.787108063697815 -13.113315200805664 5.5024079322814945
145 53 5.874670505523682 -0.2923875559332236 1.787108063697815 -13.113315200805664 5.5024079322814945
146 53 5.874670505523682 -0.2923875559332236 1.787108063697815 -13.113315200805664 5.5024079322814945
147 53 5.874670505523682 -0.2923875559332236 1.787108063697815 -13.113315200805664 5.5024079322814945
148 53 5.874670505523682 -0.21666375266493493 2.131734848022461 -13.113315200805664 5.633744239807129
149 53 5.874670505523682 -0.19740651758774272 2.131734848022461 -13.113315200805664 5.633744239807129
150 53 5.874670505523682 -0.19740651758774272 2.131734848022461 -13.113315200805664 5.633744239807129
151 53 5.874670505523682 -0.19740651758774272 2.131734848022461 -13.113315200805664 5.633744239807129
152 53 5.874670505523682 -0.19740651758774272 2.131734848022461 -13.113315200805664 5.633744239807129
153 53 5.874670505523682 -0.19740651758774272 2.131734848022461 -13.113315200805664 5.633744239807129
154 53 5.874670505523682 -0.19740651758774272 2.131734848022461 -13.113315200805664 5.633744239807129
155 53 5.874670505523682 -0.19740651758774272 2.131734848022461 -13.113315200805664 5.633744239807129
156 53 5.874670505523682 -0.19740651758774272 2.131734848022461 -13.113315200805664 5.633744239807129
157 53 5.874670505523682 -0.19740651758774272 2.131734848022461 -13.113315200805664 5.633744239807129
158 53 5.874670505523682 -0.19740651758774272 2.131734848022461 -13.113315200805664 5.633744239807129
159 53 5.874670505523682 -0.19740651758774272 2.131734848022461 -13.113315200805664 5.633744239807129
160 53 5.874670505523682 -0.19740651758774272 2.131734848022461 -13.113315200805664 5.633744239807129
161 54 5.874670505523682 -0.22989954840805796 1.959421455860138 -13.054832601547242 5.62039268016815
162 54 5.874670505523682 -0.22989954840805796 1.959421455860138 -13.054832601547242 5.62039268016815
163 54 5.874670505523682 -0.22989954840805796 1.959421455860138 -13.054832601547242 5.62039268016815
164 54 5.874670505523682 -0.21143167617696304 1.959421455860138 -13.054832601547242 5.62039268016815
165 54 5.874670505523682 -0.15672534331679344 2.1901636123657227 -13.054832601547242 5.62039268016815
166 54 5.874670505523682 -0.15672534331679344 2.1901636123657227 -13.054832601547242 5.62039268016815
167 54 5.874670505523682 -0.15672534331679344 2.1901636123657227 -13.054832601547242 5.62039268016815
168 54 5.874670505523682 -0.15672534331679344 2.1901636123657227 -13.054832601547242 5.62039268016815
169 54 5.874670505523682 -0.15672534331679344 2.1901636123657227 -13.054832601547242 5.62039268016815
170 54 5.874670505523682 -0.15672534331679344 2.1901636123657227 -13.054832601547242 5.62039268016815
171 54 5.874670505523682 -0.14656725042948016 2.1901636123657227 -13.054832601547242 5.62039268016815
172 54 5.874670505523682 -0.14656725042948016 2.1901636123657227 -13.054832601547242 5.62039268016815
173 54 5.874670505523682 -0.14656725042948016 2.1901636123657227 -13.054832601547242 5.62039268016815
174 54 5.874670505523682 -0.14656725042948016 2.1901636123657227 -13.054832601547242 5.62039268016815
175 54 5.874670505523682 -0.08200379364468434 2.3129148483276367 -13.054832601547242 5.62039268016815
176 54 5.874670505523682 -0.06734246388077736 2.3129148483276367 -13.054832601547242 5.62039268016815
177 54 5.874670505523682 -0.06734246388077736 2.3129148483276367 -13.054832601547242 5.62039268016815
178 54 5.874670505523682 -0.06734246388077736 2.3129148483276367 -13.054832601547242 5.62039268016815
179 54 5.874670505523682 -0.06734246388077736 2.3129148483276367 -13.054832601547242 5.62039268016815
180 54 5.874670505523682 -0.06734246388077736 2.3129148483276367 -13.054832601547242 5.62039268016815
181 54 5.874670505523682 -0.06734246388077736 2.3129148483276367 -13.054832601547242 5.62039268016815
182 54 5.874670505523682 -0.046802610572841435 2.3129148483276367 -13.054832601547242 5.62039268016815
183 54 5.874670505523682 -0.046802610572841435 2.3129148483276367 -13.054832601547242 5.62039268016815
184 54 5.874670505523682 -0.046802610572841435 2.3129148483276367 -13.054832601547242 5.62039268016815
185 54 5.874670505523682 -0.042106806542034504 2.3129148483276367 -13.054832601547242 5.62039268016815
186 54 5.874670505523682 -0.042106806542034504 2.3129148483276367 -13.054832601547242 5.62039268016815
187 54 5.874670505523682 -0.042106806542034504 2.3129148483276367 -13.054832601547242 5.62039268016815
188 54 5.874670505523682 -0.042106806542034504 2.3129148483276367 -13.054832601547242 5.62039268016815
189 54 5.874670505523682 0.01110360426483331 2.3868179321289062 -13.054832601547242 5.62039268016815
190 54 5.874670505523682 0.01110360426483331 2.3868179321289062 -13.054832601547242 5.62039268016815
191 54 5.874670505523682 0.01110360426483331 2.3868179321289062 -13.054832601547242 5.62039268016815
192 54 5.874670505523682 0.1477925276590718 2.4045095443725586 -13.054832601547242 5.795655751228333
193 54 5.874670505523682 0.1477925276590718 2.4045095443725586 -13.054832601547242 5.795655751228333
194 54 5.874670505523682 0.1477925276590718 2.4045095443725586 -13.054832601547242 5.795655751228333
195 54 5.874670505523682 0.1477925276590718 2.4045095443725586 -13.054832601547242 5.795655751228333
196 54 5.874670505523682 0.1477925276590718 2.4045095443725586 -13.054832601547242 5.795655751228333
197 54 5.874670505523682 0.1477925276590718 2.4045095443725586 -13.054832601547242 5.795655751228333
198 54 5.874670505523682 0.15122475737222918 2.4045095443725586 -13.054832601547242 5.795655751228333
199 55 5.874670505523682 -0.04885517182675275 2.3963985443115234 -12.996350002288818 5.79541392326355
200 55 5.874670505523682 -0.04885517182675275 2.3963985443115234 -12.996350002288818 5.79541392326355
