2.9169764757885215 -1.2932827408327183 
0.10964843139646696 -2.526917605909786 
3.0702362740996065 -3.2584827599206196 
1.5438943597304917 -0.41705766492655494 
1.163367199132276 -1.5761499618140857 
1.1962230731111612 -3.15559595711226 
2.131771721022547 -2.7282995081866086 
0.5504750080685961 -0.34723469493458414 
3.832671994677562 -1.1027530856726502 
2.3896773388696 -0.5949538297675865 
2.129289926737573 -3.871286448493981 
3.7264513579293106 -2.506191049967123 
2.544900341663224 -1.8192925124902255 
3.40257501887078 -0.11639316576306391 
0.5977503424083239 -3.6169572884893935 
0.3577402423439433 -1.656731282024985 
3.0797803376634287 -1.8282187726437273 
2.120414979166158 -1.0927038621682583 
1.5260502288960696 -2.710448860720875 
3.345625375650079 -3.2059520165339155 
1.2800319697005276 -1.0115877708521483 
3.8560515630710137 -3.616307743577159 
0.858627978334884 -2.0042989905996533 
1.5436057524720503 -3.6053885375605406 
1.6641199756258012 -1.8756915761391362 
3.6435072911948208 -1.7993201701647188 
0.3621443753783893 -1.0846394339561112 
2.678623721065417 -2.418159865276404 
2.01220689758533 -3.077487815002905 
0.3032849751986988 -3.565234692382191 
2.7664301450021216 -0.5041296539103699 
2.5639547927917827 -3.0909967910754705 
2.9977473063627254 -3.868083800713035 
3.8576990203924684 -0.35985538393840244 
2.3229532346488355 -2.024512180045239 
0.1971587374635051 -3.132555850656588 
0.960353689093663 -2.616489986574628 
3.301041413855615 -2.5083826084053857 
1.3257662770834122 -0.13701154166316498 
3.2557070260325403 -0.8920013259809108 
0.9601098002357114 -0.4556348153831562 
1.7212016298392876 -1.224799695294138 
3.3780046606199043 -2.9258026742701944 
1.6973117345358835 -2.4704202421892436 
2.1553428176310283 -0.7920405205061825 
2.517802517485184 -0.3162935903487234 
2.2761182572763845 -3.2570727586377606 
0.3981457738048173 -2.118051637478919 
1.475967077218041 -0.6997403333233547 
0.8112910668461422 -0.8218503885949453 
0.1439708897081473 -0.8836260286566813 
1.1891486147015469 -2.3647116910667174 
3.8809421899424787 -1.9946004509703086 
1.199659000532841 -3.56268174384165 
2.1181096629893768 -1.5401027301955037 
3.5210857772719297 -0.6589353617893177 
0.10748200730327473 -1.6800014108646955 
3.5550289255670244 -1.5227117969082529 
2.633226460330934 -1.3200009425025474 
0.898691314855997 -3.076126720462823 
0.15641295435817826 -0.10868988896615939 
2.7494421271657803 -3.5990450686321775 
3.555159139478858 -2.315359579003232 
3.5814039800130333 -3.8832967449493925 
3.86565335625472 -3.3501628320145054 
0.43915117784052726 -3.845743783982347 
2.6131328062766426 -0.7493027170407518 
1.966861098993662 -0.14943777963556237 
0.781812710817696 -1.439305877803381 
1.8079110509159608 -1.5544467413813443 
3.807806337439544 -0.11634931197705245 
1.7447782242491545 -3.3625745096830366 
2.85342665315421 -2.9850402522460535 
3.0099996556960926 -0.09578232681389753 
3.237468083311799 -0.5827654826517743 
2.6478031460383034 -2.0934647529085266 
2.098317582961786 -2.120641944233401 
0.7547681038915612 -0.157636736480657 
0.4427807822804637 -2.8895289094830985 
1.757224256681611 -0.686002361448099 
1.5206059151806575 -3.1616356560815753 
0.10551155880801444 -0.3624549336014593 
0.12145693607184893 -2.225368011434649 
0.6042373285433194 -1.9251877174710015 
3.871119546455556 -3.087986040312237 
0.9092181697678776 -2.3502261365182475 
0.6505577156924993 -2.5822518047273824 
3.223826865453949 -1.2130000938551482 
2.273360829955584 -2.453699103417566 
3.5499632122319427 -0.3534721481714933 
1.4194386511222894 -2.078878450786747 
3.8283700667951566 -1.3854666087415495 
0.13387858578040523 -1.391061271803642 
3.2839081067520084 -3.4957020174805398 
3.1915778097202976 -1.5246494681220788 
1.5237917911624652 -3.8589795235366973 
1.7345031062745144 -2.9750900132477733 
2.4337384065622634 -3.805704715288102 
1.2447724993687712 -0.45414311464845025 
0.43392473510361707 -3.35443854174522 
1.0934713583350297 -1.330926334485925 
2.9567436271221035 -2.146933663108668 
2.9421545717362214 -0.9745676432107535 
2.5250021204765027 -3.4177661938140873 
1.8911127773808492 -0.914978627537784 
2.0200037681900294 -3.445638342140609 
1.799605619400023 -3.8748516260863055 
1.410202838880172 -1.7731547436126442 
3.873034895892167 -2.3048238137773573 
3.6147606266855137 -3.30295106520478 
0.7013272809830637 -3.3222338129738653 
0.3848813047165862 -0.6130908985039929 
2.0621600638308495 -0.5434453706932938 
2.6677841744807904 -1.0481969322521434 
1.0912069351425984 -2.8722868724332136 
0.45167156935864927 -1.357703898101032 
2.485181978508434 -1.5533809142809456 
1.3881542784005378 -3.395091470469896 
2.2515609891365043 -1.777070454955533 
2.6863640558328195 -2.772670180256477 
1.5264815120222774 -1.5176360946431524 
2.4464423413877707 -2.678798341322584 
3.8142082767199073 -0.8292612094422795 
2.427738317782559 -2.274101281990536 
3.037081649460335 -3.6078174889080006 
2.841914859887326 -1.5970502598979333 
0.6851715570721104 -3.8847206245614188 
3.8412116354265464 -0.5951588046745582 
0.17566685506607937 -3.894384766991964 
0.17125085358373004 -1.929355682939505 
0.10520478852512438 -2.871542962896436 
1.1693940893931212 -1.8812333931756526 
1.9732965309537933 -2.3747535970576723 
3.3127780955715305 -3.831276587257463 
1.0515675085192506 -0.16257298953358412 
0.32594972538223876 -0.3378754220918476 
0.40582351603017286 -2.4149850657422665 
2.8377423722283917 -3.307820665706931 
1.1611504005161768 -0.7484455576850231 
3.861279553487112 -1.6759617099966653 
3.378278996887903 -1.7032801538946694 
3.117031730000837 -2.996178963689966 
2.8057068069556528 -1.8685367660635612 
3.296990830767668 -2.198065335576525 
3.5358954936736327 -0.9815576175673553 
0.9492174811336249 -3.85182978510351 
2.2788675110434617 -3.5935310488284156 
3.3572625618707512 -1.9430420483912523 
3.882085739483811 -2.716377424750228 
1.8425289670569596 -2.6998874047616805 
2.2155638843511745 -0.34390479786779915 
1.3533463265024657 -2.9086764301649253 
2.84714662910825 -0.2880847540060296 
0.442718517845494 -0.09372453533297542 
0.0989058884403684 -3.6480532188918477 
2.3039229672294086 -2.958000750857724 
0.658986001752004 -2.2847845828401883 
0.5042574837536755 -0.8484687513748688 
0.5504039157424212 -3.1156108063850585 
3.134469604744937 -0.345217951439573 
1.2688323530665926 -2.6177613729612883 
2.952354703195943 -0.702681251547187 
1.9000070682162937 -3.6562254740329783 
1.9642333177279645 -1.83334865269587 
3.6298948030888356 -2.0720381928650227 
1.7520964555870533 -2.1501691856703835 
3.8638772198633586 -3.8613165293297653 
1.3966048494944192 -1.2389665889165808 
0.12655018824520003 -1.1522874308984605 
1.6573367821017606 -0.12334198714215883 
0.10203068976551277 -3.355798896568408 
2.8975170606499816 -2.585047755702867 
2.3225911881262657 -1.2849412220004406 
1.1228620749242648 -2.123438572119247 
3.517592412211384 -2.6651220956921713 
3.5430855757432496 -3.5938574881391685 
1.6070057419311479 -0.9676669793090271 
3.51052863227663 -1.2585990117592587 
0.6281974240981936 -1.6507324408671447 
0.8292185188952708 -1.1553602283861932 
0.1298782024352063 -0.6205024242328476 
1.9701365599014933 -1.3051744394267466 
3.1295121837075213 -2.7461733247592646 
0.9067098049136681 -3.564495485423101 
2.6128378898619475 -0.07876759906346242 
2.277581901722475 -0.10599846425146442 
0.32837735123065204 -2.6599678092989434 
3.0473324167398905 -2.3809611023752297 
2.385643484358889 -0.9617745404376201 
1.4759129514776101 -2.3515223772289735 
2.7168385109005135 -3.8677349935793215 
1.8241756847627828 -0.4282305829437645 
0.9816835513061191 -3.313347981897075 
0.6879927591702135 -0.5736460478305407 
0.8947504757567835 -1.7071580319111468 
0.7474585579312647 -2.853609444969927 
3.646180996246237 -2.948961072284526 
1.0198203764445672 -1.021869606017248 
1.2421130451475433 -3.867781969745094 
0.6208616609860291 -1.122785795063968 
