-1.9642802253622538 1.1487817083920726 
-1.9297767770587015 3.0841883013782168 
-3.8894113729944704 2.9316136666026367 
-0.11681478020759961 2.7248364541482517 
-3.699169695297573 0.5727572216097574 
-0.09877649074989803 1.1343609608437137 
-3.4642787883878823 1.6677864237797628 
-0.921425246788576 2.0232383369103784 
-0.5574075093784465 3.3743810518942254 
-3.2815074564101403 3.445713814792226 
-0.6629152274497818 0.5267044241815555 
-2.6466353659585447 2.3782124214850104 
-2.620545980362311 0.12838225059141384 
-2.822089327253709 1.2065208359425794 
-1.2132404769929372 1.538625545302268 
-1.6465312637343497 2.158072123249191 
-2.055221184828303 3.863148981353002 
-1.4760737176374246 0.9905780423501069 
-1.122132433808155 3.3240455358821617 
-1.8014571527288163 0.15942380175890292 
-0.4551529763962723 1.710220772092807 
-2.7384726662102223 3.237397446016719 
-2.0483098894564487 1.956225737389825 
-3.605753420624591 2.4422227105425196 
-0.11498192264323581 0.16224806385391988 
-1.6282569393959538 3.5639664873814905 
-0.9400348295083534 2.63226038426862 
-3.3310211417261613 3.900210312524349 
-3.491045924460024 1.285425315417362 
-0.11559083627796474 3.609902362502851 
-2.3616053854391175 2.424739569670152 
-1.9844733555487797 0.4946903905874558 
-1.1003154482129092 0.10661661360701791 
-2.8811848945152385 0.5503502761858909 
-3.8673883174635586 3.49206534987466 
-3.2302546091044055 2.95440456372833 
-1.653107843264791 1.5950909671617914 
-3.1176579677820744 1.9116177420565572 
-0.1467679671791362 2.227167478149732 
-0.5012040882866753 0.955089837119814 
-0.9917369999004613 2.9840999351893576 
-3.0534628492341405 3.8151278487505422 
-1.4901567299353564 2.565050862791555 
-3.1541628619215674 0.12688378201003592 
-3.6829889270700438 0.1930133053065397 
-2.2830025625109975 1.0661202919616972 
-3.8812412459052155 1.1293063670221133 
-0.8596383154083869 3.898479660642206 
-0.7289314902578796 1.5012919311459862 
-2.663913735477255 2.9279182496694283 
-1.3387973691211188 0.4705945241675227 
-2.6610939753517338 1.534948003826426 
-1.8426917043669562 2.8568839186651958 
-3.8760948821822776 1.9429158601836365 
-2.251285425128026 3.6015392795077448 
-2.2822510853621707 0.4255385760348811 
-0.711299269461305 2.851817641462897 
-0.6030908022015096 0.2777340445872998 
-0.16130469384795232 2.968417870276166 
-1.1456785073942908 0.9012697896994517 
-0.13716682224902654 0.7269818877805236 
-1.0619028117478915 2.314846198150334 
-1.2082702844723294 2.1066891555029943 
-3.118519988318763 0.390915402404614 
-1.6711771403213482 1.2511480982225858 
-2.8983284518451153 2.1864013724610234 
-2.742940344260497 3.8425251402669973 
-3.322130409351019 2.378355255953183 
-1.8980040397383333 2.2005849026992084 
-3.614327234648895 3.8279077474335645 
-1.0023148970101836 3.6353383547531264 
-3.069089436319753 3.246881509903999 
-3.164183731383872 1.5968302304450137 
-0.3685874319584268 2.576102110163408 
-2.2426393818046 0.7056198086840095 
-3.6910358536084305 2.7834276372020565 
-2.826606728997592 1.9758820431846904 
-1.5219709672036086 3.8616717394051765 
-0.4080549777883329 3.633458643540062 
-2.5334423249363724 0.7778203545299489 
-2.08433443769628 1.6974734342968687 
-3.129379284837247 0.6893242137015367 
-1.5791668503440328 0.368864076649855 
-3.6060156244111266 0.8539285570177151 
-3.8657888934545515 1.5990156079952103 
-1.5898121125962987 3.0769905788887275 
-0.3893675894812252 1.9979691475232013 
-1.8346275979880273 2.600121113327649 
-0.35018741699917455 1.1943394173422044 
-1.2980288251699614 1.1874013365745177 
-2.959472086061189 2.421974908537518 
-3.3464079286116695 0.9398737815096883 
-1.9303217073966308 3.6155727097545816 
-2.2876633176151557 2.153083531811361 
-0.7553659773344998 2.25980744282018 
-3.4307997866368924 3.1914785461061954 
-2.4659738656096915 2.6955169497702176 
-1.4668685875633165 0.11949170405458553 
-0.9688132900021986 1.2126187305645382 
-3.0261008180586284 0.9912523383931795 
-0.10814171274091833 3.2352833673016193 
-2.477564078832307 3.141700235556062 
-2.578869872411731 0.45274187984270453 
-3.1049725153591323 2.6243835792997428 
-0.6170706319524237 1.220548087635592 
-3.585070541969297 2.1451065516063235 
-2.0584164910710068 0.15211439185673714 
-2.0695559499011487 1.3795583936982734 
-2.5393910372953243 3.527000842346653 
-0.8998889411012547 1.7244207298125407 
-3.612967813855464 3.508816678593158 
-0.4430120224779235 2.8562710092453645 
-1.9963109498698441 3.3299037125457014 
-1.5209122181484134 2.825788756453963 
-1.4521445715394377 1.4249819038269709 
-0.8262910576931883 3.372999642948516 
-1.3370276663975762 3.570135657662865 
-1.7229714821876443 0.647447341723504 
-3.8845089734049036 2.5957257894410013 
-2.77863927889168 2.6500057668809784 
-2.57151138762147 2.101470822727357 
-2.882722018825682 0.1779386521765034 
-2.8045158329136086 0.8661107572079849 
-3.7874556802272483 3.2196777124722447 
-1.4306257047353896 1.7055084755260619 
-0.11403970991931711 1.9620649365368463 
-3.476113012756315 0.09144846575766996 
-0.6666281516732173 1.904214857509928 
-2.869594767793189 3.524584615838633 
-1.210384257239998 2.7701156730577665 
-2.4203654911770642 1.3316638120175393 
-1.2197449707738663 3.8665852659795013 
-0.41436851455102564 0.6942111910598208 
-3.355606435444897 3.6648474679518674 
-2.9671729189988345 2.9339759990748924 
-3.8824556413596474 0.4255952100280884 
-1.7702553310244586 0.9268406448367796 
-1.1711803297835677 0.32867998215847494 
-0.24067781501461827 0.9361245825928277 
-3.2216034977703067 2.1741525475281653 
-0.27854704466071567 3.3979787820509495 
-0.9029615017548815 0.33986519781321456 
-3.4361895643897746 0.35555521884664976 
-1.0329115732262306 0.6127881008403779 
-2.21471514761743 2.95188696726514 
-3.3761235014372977 2.691271061857182 
-2.3482732238167916 0.14231528088104572 
-3.1849342931355116 1.2515369722574268 
-1.7880160586052685 1.8680732735065604 
-0.6981405137995809 3.638476504631571 
-0.13833418889642668 1.4315354050943534 
-1.7801645520806635 3.86037620560968 
-0.7299762952863806 3.133420291233353 
-2.3333860852375956 1.579940259287851 
-0.13737871651873856 2.461432296477983 
-0.4154646648920326 0.1003160590405181 
-3.903290031442916 0.12634603504123176 
-2.399278262083712 3.8466318260325516 
-1.4240436325678822 2.2819600244479776 
-1.7286114381536517 3.325321038788813 
-0.4592845252751756 3.8872466756107578 
-3.87704340649656 3.832115816358657 
-0.1515274276062879 3.8799334844428524 
-0.4165371646823204 3.141617881852814 
-3.8674885118248166 2.2631126998545246 
-2.0456969298383703 0.890778454492503 
-2.9298801109872574 1.439296565127778 
-0.7767561874869267 0.10970046007221135 
-0.7881595242476218 0.7808817431660009 
-2.2332574955725657 3.3005280128725616 
-1.4845183168492841 1.9711026869575485 
-1.277491385408104 3.003323037155395 
-2.5844615351033786 1.1206065156504028 
-3.8730364389464658 0.7891913114660165 
-3.4016302538521694 0.6355243791983218 
-2.9306128850466684 1.7307074970382157 
-0.33796819757905516 0.4196236122696364 
-3.7360453827352416 1.3860824340326805 
-0.4426443166611693 2.279526431480457 
-1.1700631729944013 1.8463690737529526 
-1.8772301895915409 1.5736344243735505 
-3.5456147584487425 2.9546196305929175 
-1.2222709101490978 2.5067313971353213 
-3.3543033968586426 1.4405273526626763 
-0.44136098174377136 1.4591938527033852 
-0.9909098871209874 1.4453375867547318 
-0.1542677506151655 1.6928534183255617 
-0.11181739361199439 0.450945060325032 
-1.7140862830643815 2.3988784012362965 
-3.3734095681169114 1.9519848520625191 
-1.419148272604025 0.7027248282244007 
-2.6141519090033736 1.8143357778622753 
-2.1155837036643437 2.6792731568907127 
-3.652486669869041 1.8623511065535436 
-3.6518840212212282 1.097107478623867 
-1.377776756931341 3.266603074479625 
-0.6496257092204376 2.5628008501712727 
-2.3405704046430595 1.8610551798714305 
-0.7928872717410256 1.0274814062221203 
-2.0620776802886436 2.391862603422189 
