0.5210493355155198 0.20705052093146475 
0.19785946170516777 0.7914335156818515 
0.8375459883065435 0.9480049696908955 
0.7254919381350096 0.41963568832020237 
0.1980871508345699 0.262713291071612 
0.906894436050147 0.390458950272775 
0.40493794553462686 0.6893113687319496 
0.8871049383897107 0.033627606508594254 
0.9193094266931914 0.7945905245886532 
0.20490834474838804 0.4761597853850622 
0.6097370753478984 0.9692432461590808 
0.2903753395410532 0.030798234705732896 
0.6983609214958523 0.720202211699339 
0.36603551303472953 0.8762832713136903 
0.14254454091383612 0.9596107043640829 
0.32471008283260205 0.34647586382124645 
0.906491687482091 0.5543770581805724 
0.0330457109815247 0.16686398248420226 
0.46420539197881056 0.46943334914473533 
0.7030314473301692 0.03172307430252552 
0.023214676599869644 0.7090560457019355 
0.9702192772318589 0.26321919147788353 
0.4998693090398987 0.04096949996202831 
0.24356471160908927 0.6471932937943643 
0.5486570242023485 0.7664327484743155 
0.6830701180311725 0.1889007712969193 
0.03588862590692543 0.28001782050094864 
0.5824539667651322 0.3955231679726461 
0.09206873103873164 0.08850162110596321 
0.7577887458073407 0.5563793132736893 
0.8053240531985993 0.22683699021273968 
0.3752035668638311 0.22030383213160992 
0.7555893960723377 0.8530060414174314 
0.09179052940975635 0.39578634117926015 
0.589088614899118 0.5452764138735057 
0.2979936995888843 0.4608312697196882 
0.1061964002118822 0.5776671500266417 
0.9165753902816587 0.1944113964413688 
0.4502956417052223 0.2997677773871418 
0.4751914358106906 0.8839445768589966 
0.970499703207635 0.9643499065496415 
0.29771126040836127 0.8950121100177468 
0.02565420651340622 0.9648386560954834 
0.34181771058233457 0.15597978475374075 
0.2693007964034164 0.7772756235839043 
0.3481029894952963 0.534037787878035 
0.5266505339066486 0.674679277835104 
0.11265386418529039 0.7895455775315108 
0.912094934513785 0.6463883186661596 
0.8884709101540567 0.46853571911034586 
0.7372465174795161 0.3019504404784301 
0.21254033273277728 0.13097192392134038 
0.4123682698959335 0.5988146311181526 
0.17407048372278205 0.4055756629556987 
0.8260944970740415 0.740907460100444 
0.6929394354282288 0.961688681085985 
0.6340467038217635 0.03698461665589936 
0.4250563717884417 0.8376630055322014 
0.9558798570260176 0.032538741274966476 
0.7749424494132175 0.788113588007875 
0.49261807796042206 0.5512220913366462 
0.17194101931728778 0.03326977356465122 
0.09514041916568766 0.7097474996191783 
0.20505479983153818 0.5652964549778833 
0.03378569764652656 0.5400047389463647 
0.8171279190807366 0.09416101127394877 
0.3321044474673391 0.7396949219325448 
0.787377859139608 0.47175851137098396 
0.9670175575774308 0.8933216249801508 
0.962971009109713 0.4356972404909543 
0.6779925357707524 0.11023786957273501 
0.12727783429870354 0.25345572008815764 
0.5456208591963483 0.8530526727396137 
0.600379831878494 0.46781276257584714 
0.4833675142677184 0.13686845185242225 
0.28452823960600127 0.9689137523903797 
0.029892415663774596 0.8912030533240702 
0.5706209255245067 0.1584566232955919 
0.42879174292732075 0.4022081743910601 
0.6456621136876188 0.67291571042119 
0.20252894861032156 0.9147932305123649 
0.8373810359380609 0.5172741989808776 
0.0523988235508564 0.4862053082898714 
0.962661452370024 0.09848140862496013 
0.8108180257515597 0.2945978779118896 
0.9719530643035257 0.3545393523238765 
0.3826337976579661 0.28103599212714814 
0.4486562652753954 0.9690651460941623 
0.0384243918603977 0.029551920409581434 
0.16995128028714446 0.6315435901057516 
0.6139019017141567 0.816732954763052 
0.9704667003397476 0.7427488498803381 
0.31233995315432994 0.27848341716688807 
0.03666380474528447 0.35164599321598977 
0.6369447945791018 0.3307395884306163 
0.10757065782015962 0.1694992548393488 
0.48315248935622807 0.7910028564620124 
0.43736115571437906 0.03496804083094418 
0.2513930083054172 0.3978263597222786 
0.38276496159203166 0.46032809031294203 
0.7801252175661262 0.37426747744718203 
0.3084795889154525 0.6789164112224191 
0.9693463078063393 0.5991120341520721 
0.7546994239077084 0.9093376359210434 
0.2584957656872411 0.31399404708375 
0.8767797632107983 0.247616894812755 
0.7011723463957016 0.7997665192138796 
0.904566370642221 0.954437155205691 
0.5165003646427649 0.27396501176746235 
0.8615000565350885 0.5970925355426371 
0.32977669219327577 0.814629464385366 
0.11625348008050745 0.3275112814649163 
0.5660197580967866 0.032764235583854884 
0.11047316459464429 0.6536002860135218 
0.500305812596105 0.3515002077833712 
0.15998177334469793 0.8569144163980389 
0.17567511825796733 0.19251936012354764 
0.6144174138277938 0.8922562346622207 
0.7139048591024278 0.6334213959719399 
0.4691290219518485 0.6405673498779871 
0.8956172301778034 0.10757999744142588 
0.5231242705503667 0.4252587364701951 
0.2353409077733271 0.7156850343823904 
0.5327159594037172 0.9410803335455904 
0.8524636133358605 0.675838730557669 
0.2680900982398047 0.5261582436733905 
0.5867378110561632 0.25974357771797396 
0.6629179387453836 0.505521027397273 
0.28020431718181693 0.10576474551147969 
0.24790193399285249 0.8513914686607822 
0.7893247983998247 0.6590309470960717 
0.9660804276619941 0.16635999647398553 
0.7547476909893343 0.15779781364532663 
0.03222540881787933 0.10582378162015904 
0.2964907744705872 0.5953570364897645 
0.35905531493814524 0.9633323841268341 
0.11247011184168432 0.025424804752435193 
0.04134229727918198 0.5989443889877869 
0.828944478572865 0.8708996922997746 
0.9017288953268849 0.8729639622278689 
0.8261009074353168 0.026971010454923006 
0.04332215335813494 0.7629206002738892 
0.35963745395746827 0.62259165299185 
0.5675278948203841 0.33277814615219237 
0.08504407049097473 0.9604019465284103 
0.1386948561754247 0.5221239272654014 
0.40284121574872833 0.7681626322385626 
0.9150528058956202 0.3136324768662562 
0.6726218915782614 0.5805590603316928 
0.3571187090265072 0.09433942534995571 
0.7449306339179774 0.09152631153758051 
0.76441290985159 0.9691960038191183 
0.16914784215723822 0.7141543636268558 
0.6849742340888774 0.882861458163898 
0.9688383511485752 0.6788630851062114 
0.9719700031479286 0.8217199174927154 
0.15281070190051393 0.10877085039400686 
0.7010120569523335 0.3529816112636681 
0.7184970900304497 0.49030863223688465 
0.21547151734194225 0.9708711888409567 
0.4211592598103362 0.1713864420426408 
0.6149597451988635 0.615783697600138 
0.7386148062558485 0.2303572082839792 
0.9019980663834753 0.7317356248345565 
0.42362206013263226 0.5288576190507108 
0.6098301940572107 0.10360722552588969 
0.12262755540894898 0.45563173926203226 
0.4526750807135594 0.22454670561614398 
0.8411396995201952 0.41331153172750473 
0.09101977722910803 0.8771809782545219 
0.7952751641334579 0.5976801532860274 
0.8538470036533914 0.34038070960646416 
0.41273641378165327 0.9190579519589053 
0.9623357059340875 0.5124246846438776 
0.5309410020794278 0.09572036199632583 
0.6257537593574988 0.7479269360999239 
0.6633659750251734 0.26706954314340026 
0.47666962574156335 0.7270360271370563 
0.27215074101720826 0.1663309243139276 
0.0303458223082278 0.4294119133082045 
0.5307846486493532 0.5002584293392415 
0.394770078872111 0.3524525600272342 
0.341973929854138 0.4055435456528501 
0.3673166319869997 0.030764040809764026 
0.41513596232908 0.10570191063365275 
0.03047548552612478 0.820649120765025 
0.04103214766972102 0.6553325610826843 
0.7596308315023083 0.7137665727954761 
0.7662943469075343 0.02831399771804355 
0.3101954671826782 0.21827848531116578 
0.5798466791228527 0.6932250663919293 
0.05764202496204779 0.22302433911393155 
0.6235632448313625 0.20025866313275487 
0.22685734134186353 0.04854365525709908 
0.18785884348090726 0.33771578066026453 
0.8544969929524302 0.8084089109213206 
0.5380996050145721 0.6043452688833065 
0.24312392967566987 0.230520382676006 
0.8388989175516531 0.16301326682049622 
0.6509572704540012 0.4166093291029278 
