0.04611245279699516 0.6489726056927128 
0.479977903727689 0.5026080885850968 
0.835975443750808 0.17440282908837362 
0.7463042856523604 0.8928649589660188 
0.22328136021039235 0.008930976955252745 
0.3446987320964289 0.8243797224611578 
0.8313604586706939 0.5243681455267205 
0.47887523050486286 0.1836320772992101 
0.1328194087128607 0.4632511212623025 
0.11509101110368058 0.18402043630793186 
0.15419474427282143 0.9112952517512004 
0.6840210423703289 0.6350987130785508 
0.8759454640240919 0.922908577306659 
0.6567725252121711 0.36064380942081387 
0.5420759495427527 0.8507132950864171 
0.29731672074470494 0.6630806078259461 
0.8889075873310773 0.6743458554265183 
0.9657834627470665 0.24956496715250848 
0.6278074910283123 0.012168170137956014 
0.22162861949045054 0.48897338256093015 
0.42135982614110656 0.33032102006042413 
0.8862121490406811 0.010369312826260912 
0.23712639587015294 0.27007012337741565 
0.46398202314679116 0.6513817917236985 
0.39416515255413054 0.012315304828266038 
0.8721101297663129 0.40634875908740276 
0.08418272892806705 0.7907480776891208 
0.6072186117542575 0.18803823739855696 
0.10824174021070349 0.32509497301704415 
0.5805330705925704 0.9607546361085126 
0.3167459454799067 0.09341809773643667 
0.7642709123653942 0.7945844376822333 
0.058694869332285404 0.9111324032007757 
0.39264129276538695 0.9593203864814028 
0.8159280480038283 0.28695626606061725 
0.694953070683793 0.5083336963378029 
0.05472872422958108 0.026704256608413024 
0.9904202610152485 0.5096105352768263 
0.17417582386937996 0.6397286322711551 
0.9249887999526143 0.7715732935602218 
0.3365972006137922 0.422272712705917 
0.5529098360012851 0.07185734891096618 
0.5785962511589295 0.7531295614034924 
0.5548845402237442 0.3999384711239472 
0.7831001699050786 0.09903089111941543 
0.05149247434427323 0.5214806776643387 
0.1827586965619215 0.8089406307297355 
0.2777657320442706 0.9328391321752005 
0.4006139638867532 0.2302632612072052 
0.9434014311943476 0.06702190939054137 
0.5510763322963748 0.5118371413883848 
0.3862536231601064 0.5517694347307969 
0.9874404032913813 0.9492849584259035 
0.7800458078515924 0.6114078812424938 
0.7408415928510698 0.18589835624151768 
0.17324027957630156 0.10751669865666258 
0.46631362829848444 0.9131776194512159 
0.44946793831860765 0.8246386882149651 
0.5553788142507985 0.6666986444753383 
0.7473260921932374 0.41447818970236755 
0.3661837622347435 0.7584922986898451 
0.6106081907194305 0.9119774699622659 
0.04967970504071856 0.25563172030197234 
0.42803883712653185 0.11771664254980374 
0.3317864047858587 0.20217527368301014 
0.9217902093966559 0.6161011516509535 
0.28170695129071066 0.5724965115963017 
0.06556981288191732 0.12704037772129706 
0.6845734627945677 0.0392090045207838 
0.9810410551130012 0.35285704768639853 
0.6959895167657872 0.2745254365002327 
0.23240661564274934 0.7353966861243455 
0.5203083448869948 0.2812493958738441 
0.7882409371473904 0.9778740710744642 
0.13585033828113313 0.5743881328697518 
0.7009455629446548 0.9772840808401235 
0.15520412523348454 0.3538142202335737 
0.9308310420628987 0.22497925600030955 
0.7261655159046221 0.782426503006806 
0.052470658881668075 0.37998118617204285 
0.8901662585510863 0.5251681121003037 
0.21666021271995328 0.19275943670838352 
0.9129465350183503 0.8558858401713636 
0.212106193477057 0.40777211404269603 
0.9649277254764339 0.1729460344184489 
0.4812110810716027 0.3895160473515309 
0.967983857440419 0.6312590574150966 
0.7801835894682422 0.6954499624658612 
0.4070213148010237 0.6265725099486996 
0.6046090679204925 0.25349056274031057 
0.892381080691959 0.10445763720176116 
0.13090033099079246 0.680964249538172 
0.044724339443410255 0.9913166797971174 
0.551721275784142 0.6008643371664055 
0.2688573796493976 0.8747934530456905 
0.40399538004672597 0.43866732472139786 
0.6287553162317734 0.7591572389252441 
0.8714221051121696 0.8174798733500809 
0.9007375593535547 0.45530499163910576 
0.42330211232619425 0.7491787336069715 
0.6351145005176888 0.15316567145716226 
0.621756586134246 0.5790315726238149 
0.8922871177979714 0.28133293657678027 
0.2355583310399313 0.9938321911362373 
0.6402580070979725 0.8598845657812269 
0.3302778439602121 0.2771494945918944 
0.8400371405717276 0.7530785956424277 
0.1735108373711976 0.2573880644675714 
0.7505677660210719 0.480557960234624 
0.6399815190790994 0.46781334339773367 
0.806164850780284 0.057252609279701105 
0.6377943597580917 0.7012874255958617 
0.5085115479943542 0.10829522709158307 
0.14382717914370274 0.9599257429324302 
0.45502017989906546 0.07354859297289607 
0.4582146606048701 0.6108752008803708 
0.8671513110188835 0.6203578344289701 
0.3750526692294671 0.17103037490025386 
0.47688483464717274 0.7728626931080932 
0.0136428393910617 0.7273418435284416 
0.009294733255148735 0.18046884606580382 
0.13096084076976056 0.0237832994870949 
0.5165232105567944 0.16391764691466382 
0.03529013505867756 0.8168581761921195 
0.360745004521842 0.35761695628610735 
0.8761520582092421 0.3374476637179561 
0.688963369774165 0.08116057989455988 
0.9487901656762938 0.40532159849813787 
0.26653809743295276 0.10552844594275973 
0.857368954046658 0.9493853061910327 
0.9315408196063354 0.709658931888979 
0.7369922491433678 0.3113275413923642 
0.572183424060554 0.3334250432872371 
0.795797236247225 0.3916130241609885 
0.11201653080430246 0.739215094832118 
0.933645737941087 0.9219260424978798 
0.5118550542597874 0.33352775131660073 
0.29222735641660824 0.33482219346510356 
0.2618162390320587 0.8016830860958851 
0.48797229350880633 0.9885100593014062 
0.7113650185175213 0.556601151790139 
0.286462279958062 0.4266110553656299 
0.19482293743927842 0.5860839554685124 
0.29307750292372203 0.7059379466516236 
0.8019214880694244 0.8484336330691273 
0.3816605610896436 0.901519841032169 
0.3438697142142114 0.6052347972994426 
0.46118483042724856 0.5500013019342374 
0.5894943799318468 0.06513273332210912 
0.01782335657215245 0.3322393793279955 
0.6918248841559371 0.4504286198552532 
0.3221465852653461 0.021688860996356307 
0.1016942555262082 0.7988373773287156 
0.941619843886021 0.019226959977145797 
0.07761721660903853 0.48825420615035864 
0.32787349569609836 0.47873437333893837 
0.9205711374900026 0.9908353222818667 
0.9836312817994018 0.842455945241386 
0.6756502370441884 0.7622321023778391 
0.03689697530355096 0.08901977329893818 
0.23354663279371052 0.3505386652475807 
0.8251803964423162 0.449444126343634 
0.2616727688032824 0.6141296839126655 
0.04552867900485896 0.4237189192513681 
0.8109385091242336 0.9189802500081388 
0.5159394882383983 0.7408496953635918 
0.5656342630499588 0.005468725751940462 
0.2715604112669483 0.21420723152679777 
0.5208283883647898 0.021335033712247653 
0.6944968073018651 0.9167758675713419 
0.6425722648488366 0.2983305347192251 
0.32575533836587783 0.9861360061306057 
0.5669090067869439 0.44980583270587565 
0.37860976416317754 0.6827243603808101 
0.5614310838819705 0.2200181650872738 
0.5205033447243901 0.9213732045750198 
0.20941226207860147 0.5322635630057573 
0.6958025259991154 0.8614097077565095 
0.7488138252377123 0.03301981330449433 
0.19714937517623426 0.954963627093891 
0.8520378228493553 0.2493556063827117 
0.3680193368143285 0.08621464750355073 
0.8001067442766812 0.20574564803498546 
0.7008464718281935 0.20257739483490578 
0.7130344522822243 0.6949815486910396 
0.972415299308345 0.5744308450539761 
0.08162820385150377 0.689280886830107 
0.2755563342713633 0.03787192986815141 
0.3063192851610733 0.17232994929069884 
0.981978046535832 0.7636415703031119 
0.0480598499560298 0.1988020709424167 
0.8694424567834627 0.686173110287557 
0.11244013563430683 0.07396567148260685 
0.025308540257488077 0.9085710978583603 
0.6487367455448366 0.9733418482684808 
0.9145751464924922 0.17568023664249954 
0.24025605698964153 0.6703373298725082 
0.05860772862433872 0.5978163824381508 
0.4283458507579849 0.8522743382893252 
0.3324701857937031 0.7611183937062767 
0.8440622967122338 0.5762148836946547 
0.3975965487200324 0.49558821048465684 
0.572359790327134 0.8207944487131655 
0.1141674706261282 0.3758506842667698 
0.9437350191349742 0.46696617448547895 
0.1627982893989826 0.7062750559650656 
0.2187776418495263 0.09018336595230558 
0.1553711657658816 0.8821434025478264 
0.4471700147473481 0.23612063026363905 
0.7246740657685132 0.1186006175375337 
0.3576449744984726 0.9242743802719087 
0.9210437248254317 0.5581856577162443 
0.09556730917907347 0.2837884903807244 
0.8152295444403335 0.04007398340685853 
0.7667657862337072 0.2461942620926733 
0.5200309783992477 0.6942763541614585 
0.1252707901032435 0.5080418650059811 
0.9935060337082454 0.0906253861287366 
0.23953744742251143 0.8710369818482373 
0.5206829682892843 0.4416234909081165 
0.607169240287061 0.38733487400302585 
0.09793047253700465 0.9765578434018274 
0.5173537986484624 0.8223978985347864 
0.15074343940839818 0.7611660667160995 
0.44061260764026616 0.20755649905277263 
0.01374811604320847 0.4862361993590387 
0.6701932618493885 0.549296551742295 
0.9574263427234859 0.2958703247808496 
0.5428901412137644 0.5546326966951327 
0.5135892212753628 0.6292617565752245 
0.7367250549089592 0.9478934827561278 
0.7863595075539898 0.5288597828869745 
0.42389069023813714 0.28604309806871 
0.7837126920961563 0.30808979848898255 
0.6197304708601381 0.520809061229192 
0.8197855733002215 0.6179317075384664 
0.6460709121465805 0.07661715501137645 
0.011822831868302075 0.6303292842891158 
0.08888430061368657 0.6260657850478407 
0.2344148595453301 0.9131511808653245 
0.3079811591060274 0.5471200642303629 
0.19171278302892036 0.30241734060888575 
0.9962338415118761 0.02458053632278101 
0.7283013975034951 0.8286935743576481 
0.051042583742748726 0.7036423295018028 
0.0187713344341659 0.1513744494126258 
0.7857506698173133 0.7419335241196947 
0.821011365821188 0.6948697682929942 
0.8633901517847435 0.8902801750653788 
0.2955428292526834 0.7920504867886528 
0.4010354504347655 0.3955278956408246 
0.4757914886803584 0.704547724963263 
0.19205313139593422 0.46267090349379997 
0.46355270885396155 0.8784771549955095 
0.6136128542080678 0.8098283221786273 
0.5564168273913754 0.13673095756917952 
0.645609000798976 0.6061741778659725 
0.752191293487173 0.37655574329823027 
0.10382320600729322 0.8590330302575484 
0.9392049369765578 0.343077160723977 
0.08930671511217236 0.5455904237483755 
0.4212788946616353 0.6783048558239095 
0.17653801632515048 0.041240348565086626 
0.2770734631440417 0.29635813128651023 
0.3845490250584366 0.8186748044233924 
0.1246536610296557 0.13004333822029773 
0.7297907416752062 0.6438535998053754 
0.8028846852426628 0.1312715199489481 
0.5792906155651345 0.6509757408387853 
0.20137963111135676 0.17654341281500707 
0.4220400264617078 0.008265379677600493 
0.13761566491701854 0.2217507399109318 
0.858538116347038 0.05096671072660802 
0.3293988097575891 0.13605574956783167 
0.9938952098727234 0.902439167251611 
0.31506353934800047 0.24142520748523666 
0.26689850813366467 0.4954982429927047 
0.01406603716966287 0.5778535252978821 
0.6451760409304366 0.4264866055740966 
0.028360135290813215 0.7746386177235371 
0.16659183634960162 0.39360833789973015 
0.446391606961025 0.9594317568237615 
0.09945960537372905 0.9128424466185725 
0.3113067820470763 0.8394114810060043 
0.6697537599089349 0.15779895708228753 
0.8285714176557752 0.33684188967785866 
0.6624220072417417 0.19585829556389617 
0.5740707392781265 0.8935495297292151 
0.9867150410161725 0.42632248004450146 
0.7811212757408856 0.15303530593227055 
0.7227612566840493 0.37521191387741126 
0.4824101867141357 0.26874390760592726 
0.5337182798598794 0.2200546502116868 
0.7954272721264712 0.7844703204701076 
0.07736785088774295 0.4440600215846177 
0.7505389269686413 0.7441958478753228 
0.5155484761593166 0.9839527919733 
0.6599339980181804 0.2564977984466496 
0.6604886028730839 0.8963789847173147 
0.6121089186500124 0.31710812853451975 
0.21143993778780612 0.22400497912134215 
0.46352439977938953 0.44509042810802135 
0.4234071235360516 0.9115632889753638 
0.9624553733462844 0.7993986071994754 
0.5450202174815404 0.7102444025729664 
0.3711713055206856 0.30516448987096934 
0.32354659475394976 0.6453278252292727 
0.053189814618517295 0.30678215487771565 
0.08691931222021282 0.21991399217472962 
0.3831368567377432 0.7269805508590912 
0.0064743352176255264 0.02513391030548595 
0.24552324059659208 0.5373350232121901 
0.27449352452970355 0.9686214533098627 
0.8853725391394386 0.1503446798150192 
0.4242004046036354 0.18079441444376826 
0.6609055232200671 0.8298673550176365 
0.3321253313854215 0.5791067522048772 
0.9322842417522192 0.10922905351214218 
0.506417779357166 0.6081939511006553 
0.4428778816123887 0.35293332776312847 
0.2577156692541896 0.1407998428924504 
0.7769329505851859 0.6493145268560252 
0.9762089905359992 0.6777032660187932 
0.5746442354581711 0.2644921076243635 
0.3607846771353558 0.12263006839694612 
0.5158788720665938 0.8947686456367492 
0.4103159632268095 0.5681987547378543 
0.22296009662730681 0.6344370670065421 
0.9937318106184834 0.9920526895151476 
0.6066123247243664 0.46524831196889566 
0.009023208820153339 0.21791980340363298 
0.5878875331665052 0.6018785652572344 
0.5096085440070964 0.5444936313109141 
0.7354600251867757 0.07183051745745461 
0.6809703278331751 0.7197302218335258 
0.8948016325082122 0.8323492288021639 
0.11990344903307443 0.6202537639181939 
0.6444457152738896 0.13028807108004636 
0.030287231305691498 0.9642525664424169 
0.8489865916165966 0.9839576895045765 
0.31965572837463474 0.9031811328717247 
0.2632091107940984 0.3798291861308018 
0.809180077359823 0.41673942293656024 
0.4874482363890549 0.10838320068972457 
0.5864580742587824 0.7075032162792533 
0.631180275204135 0.659534395896089 
0.07395230078525333 0.3585746009625841 
0.655108042078312 0.3173607437654477 
0.473653034916543 0.03099654728783985 
0.8820515876605165 0.20785864700773726 
0.14071020231780196 0.2970149962534373 
0.7097641787978373 0.008896902757791425 
0.9136230085445401 0.7235572923069815 
0.29154069135487726 0.7659526614268535 
0.7741211458004604 0.5762395199960332 
0.034594589322782254 0.8455661261058667 
0.816754804194507 0.47465355586135094 
0.16230348363885821 0.9942464221152947 
0.23495432267364696 0.43163560788112026 
0.11285228005837072 0.2532878833336523 
0.16907150330886916 0.8302926950618008 
0.3736828378026696 0.9779413298834366 
0.3405078863459963 0.374098850642287 
0.900617747248303 0.3180574265275879 
0.3606795730216271 0.24057997794559016 
0.3311955513845031 0.3223192240571306 
0.9667840880124768 0.21891180798832616 
0.7820920568449039 0.8636448176824263 
0.3478040551314459 0.7176596631950429 
0.685194389110599 0.405035547991768 
0.4328252706262933 0.4769060678914617 
0.619747071552509 0.9900052816266366 
0.5479300427396461 0.9687582770627958 
0.8968191898058473 0.054075540453880855 
0.8972257651421309 0.38975216861469436 
0.6433241726718568 0.04656915351811508 
0.5997551463527083 0.11887174207755558 
0.15735704874147155 0.4546608875565037 
0.837741289423545 0.10116559230945704 
0.380960706543645 0.4455516222346429 
0.08112818978202668 0.7413997364952891 
0.8512473229430044 0.5032707130520567 
0.9248903965516262 0.6650986709500945 
0.6834288349604423 0.7950129395560828 
0.5809246038417447 0.042656634545050975 
0.7739718806746061 0.2879964155568092 
0.9237736944355401 0.5186138746450115 
0.15318437361727516 0.19256197110221213 
0.6500304198817851 0.5014954401336231 
0.8176493843396977 0.24267478162921424 
0.006634189618488273 0.08332442966706344 
0.19090304020483656 0.7714218322243883 
0.2078175283369364 0.8918465843279619 
0.903078510039603 0.9386153465773226 
0.365065116921744 0.526450615165541 
0.5908754284920739 0.5476178667609657 
0.13461842287319414 0.5243219473084543 
0.8648616034066335 0.7838432521965027 
0.3714305849229548 0.8684764833230786 
0.91414851631032 0.8131273337227565 
0.009962419598335659 0.2758251143472016 
0.09657378470290007 0.4278525194912355 
0.7945052382882443 0.014397643621487821 
0.23448955323036352 0.6989453341127934 
0.013489154717726659 0.434334415316155 
0.1751002637338422 0.5567190749777363 
0.7396295401961923 0.5188525157877006 
0.4122793357061051 0.14082312074244718 
0.539709273365198 0.7786080465923986 
0.41917347022365226 0.7991357688800098 
0.4188824959939115 0.9610606779811619 
0.449875912946607 0.399255794869782 
0.39615711912370866 0.0576413332482133 
0.03300723948551931 0.5339953261226646 
0.9745206614494608 0.7229709270199096 
0.5162541466228956 0.4026235647512631 
0.2640306552328858 0.25746762000759926 
0.21540483133703514 0.05588730608223147 
0.030830237534773985 0.6955619277714346 
0.5223441063808156 0.493315464162597 
0.9906333220910162 0.2935362428739646 
0.14531784757778732 0.7873557195566285 
0.08349532398315651 0.04745591174732011 
0.16216018731378173 0.4948955590755948 
0.3588590212771662 0.7819975844031363 
0.6162374878809389 0.863364464220135 
0.6269355379171588 0.9382708589372176 
0.7722878779294904 0.9248993739379665 
0.745862439860068 0.2054169275303419 
0.18531086843115518 0.3571468841640937 
0.7156694362025058 0.46446708874060777 
0.6836316080053937 0.6713615027837534 
0.6947441726705363 0.6015882084888569 
0.22932736918848295 0.8428611449873539 
0.8233575610843307 0.369825076820286 
0.5440389859043633 0.9382961169351618 
0.9396589253268692 0.4480998009143693 
0.5434236273210556 0.8778175512852908 
0.4542429882535223 0.3111575649029723 
0.4432078214251326 0.517831918810232 
0.5758584878782447 0.14355773774638697 
0.9431001210502175 0.5858098472492316 
0.5698893195654786 0.30104535509540553 
0.010391096062550842 0.8015485924147662 
0.5061371855551554 0.8463722611811308 
0.784560312430663 0.4999054822286385 
0.30263938533157014 0.469917902156445 
0.7012739536973045 0.7530979081617272 
0.22987687858304073 0.8014925901565467 
0.28849579376656087 0.887707463249771 
0.9099982721789517 0.870305340936844 
0.41724056324999637 0.07058809915030095 
0.590548628399943 0.1966675029754179 
0.8854576832082766 0.6038790902190465 
0.36802065470523043 0.6152571446570961 
0.059101288478998315 0.8264199684011784 
0.957856841364795 0.9646794348348756 
0.26040131364793306 0.067473630325952 
0.19607069527439863 0.13919480493919345 
0.45698977744918545 0.5703260570706815 
0.8585703641857501 0.3105803499135465 
0.346216056509118 0.9431231491184093 
0.1635344537446905 0.15922718960465104 
0.5454591368008388 0.3727904990538928 
0.885971402029176 0.47690873999426364 
0.474201418427342 0.05821088056370943 
0.21783936621104516 0.27653202977013575 
0.9571883707335371 0.5369564082903225 
0.045948903649923156 0.4906416783473102 
0.675940391186143 0.3393244304417134 
0.7434105102199751 0.9638193827262724 
0.7856045485521411 0.1708326484837996 
0.0064640394443288285 0.37472637186803764 
0.7210022364361955 0.3322591046035447 
0.9616908122827814 0.8524734708197952 
0.9132106099769955 0.26208961396679353 
0.6264076256131651 0.35176917408243646 
0.35029460840083093 0.6693712044486186 
0.023504875618835297 0.12397675266670938 
0.09945043062208159 0.656558936430389 
0.7977769712421143 0.9442698447411295 
0.1163718747375107 0.5900743867292018 
0.4462592129529056 0.7230521961287422 
0.31385813818512326 0.6036269955977148 
0.2813901165305384 0.013222899186871806 
0.7538553966077091 0.8453345416268943 
0.5844044474007697 0.4303581914370018 
0.8833384096429515 0.763786787834844 
0.7211199090241809 0.6006647603382779 
0.4599115015654657 0.7883362585775242 
0.1677309891325831 0.00861859661084291 
0.6436438788461728 0.22730713883854337 
0.8190573789837293 0.5863266834414815 
0.8595098751897086 0.19514102322864768 
0.7552068500945857 0.4339461787201462 
0.9890306325826899 0.13569245080243098 
0.7888772395245297 0.4424404899555655 
0.11513142370894419 0.10718224583201735 
0.027563963320344664 0.60572765865043 
0.6102328276251618 0.2277809395948852 
0.37834896641712923 0.4903524672673798 
0.06352503931470899 0.33992064488817336 
0.4742502401403274 0.37142175652128684 
0.9388512840130454 0.1866375418991934 
0.0923798469276279 0.1672912140304994 
0.5351520516140873 0.12250871221010173 
0.20948899441375896 0.9787857990048935 
0.35292037990973735 0.04038778265781301 
0.2657736291794201 0.1620916384958107 
0.8284237295161598 0.8513163394124008 
0.32134432611990815 0.5269644616710489 
0.07725613793884506 0.9458160830182052 
0.7049113662434929 0.23828466740887028 
0.4648834279394524 0.7353631142139244 
0.09042532138530457 0.018340383328648402 
0.625695492122761 0.7198373635423269 
0.3184381116604288 0.06343796689158882 
0.21726474359349124 0.9437249286795892 
0.6066253343461447 0.6392822659631872 
0.1707539952205589 0.6623588591495757 
0.615465723146212 0.2976027411216746 
0.977296499378463 0.48657498926702514 
0.2417015145523435 0.32148302144671104 
0.16106421124421333 0.08494040724331448 
0.49649683324842697 0.2313937136631964 
0.2580977053400372 0.7654771356957979 
0.5058490889655133 0.45952449838135145 
0.23435912435239104 0.9405522633006116 
0.8477475212372748 0.38849541286373895 
0.7284352053067673 0.15626459842164103 
0.22621875040544526 0.5816937828010948 
0.03156626226025622 0.7434632187054325 
0.2476090161957885 0.46380555333511075 
0.7209527441135397 0.9700952775905569 
0.4537416140661571 0.15114446585126262 
0.13178025861680032 0.4164877626999402 
0.31549461157200154 0.9525746414324103 
0.9907958295894065 0.6239113396296968 
0.7132975637319323 0.07121887681459849 
0.05977437809703662 0.8786210382942701 
0.6100225228477967 0.6922336792926478 
0.8094674387987815 0.3484341153968169 
0.7765589561000596 0.3803378204369185 
0.5917423391224031 0.4771228139197008 
0.662885733420873 0.59318019572423 
0.7771509854842317 0.04193663401744724 
0.19679293764430883 0.7105940471465704 
0.33522431190245516 0.8060331490717434 
0.19984934044487013 0.8567961769575596 
0.2478265975010267 0.18697830906109608 
0.5000267639738853 0.7643567711342669 
0.8129784573441827 0.8136340900704493 
0.3055989415680538 0.12293752106333378 
0.9858276607352414 0.07188029458859135 
0.6847746331331018 0.37577744109005007 
0.13102345656123576 0.7234277081872343 
0.9672743774346393 0.3832079129444315 
0.3707243447394821 0.20337786451068296 
0.2938958785567388 0.9902537049855107 
0.11526144253205894 0.7724848673242661 
0.7084826917228519 0.41582850993670095 
0.6441672630500626 0.5401837724025363 
0.2436470237316387 0.23914825531291023 
0.49514144408035066 0.6560661817123727 
0.8439298424112621 0.8945522109402861 
0.3961478718486153 0.5976562414244814 
0.12075201958830484 0.890198766418719 
0.2766514065385413 0.8436474246718537 
0.5820891374464726 0.9386522375042707 
0.017399036130062273 0.868992822412844 
0.49290562526913484 0.06705314485445574 
0.5534088353379768 0.1853139323290539 
0.48082480945722367 0.3270374902587877 
0.5747647289446542 0.23467130798919056 
0.7080686052101204 0.6532182466599482 
0.6600032092799326 0.9227832626718913 
0.2789177592007652 0.6378560418917717 
0.47566999524266135 0.1626819102809482 
0.4770514021791851 0.9607962102440668 
0.8436266081811177 0.00778166420075177 
0.1936638160114405 0.42800075386911773 
0.8623139989758475 0.5331420452868594 
0.3777428473268021 0.15080477877795984 
0.17527333229371556 0.6217158735136695 
0.5047698992787694 0.305326429420016 
0.30934294801507795 0.26063524466426424 
0.685913608252299 0.015659728690011476 
0.4121107558449669 0.7640484482620709 
0.5006384960428533 0.8837963469280445 
0.0999362523255577 0.5103964472678535 
0.5906389456552816 0.7928886734101894 
0.05091924909613377 0.2297277875555087 
0.17748553257605248 0.7265200980510746 
0.3437535946241222 0.1073894390525576 
0.3714610249510951 0.6591907634459836 
0.9432957566275662 0.9809659186287756 
0.7031994465229766 0.30465202474201236 
0.5827485288891109 0.8706887365455516 
0.019548543485490344 0.006364196317719617 
0.4920916176250342 0.8177626501351488 
0.8030522195235779 0.5524827402338711 
0.07247935045037596 0.26557583488717373 
0.44510319101281876 0.5943469318622423 
0.6616770758636465 0.7175971096215509 
0.05547782923412886 0.9352275221371885 
0.9777599561807182 0.1852068532797363 
0.5787058580212382 0.4974750867237436 
0.8222866993793061 0.19784176495018718 
0.26835385347193347 0.6812767393739949 
0.26570763098604877 0.4109877223278172 
0.2040880488071075 0.37448985907424664 
0.3492699995954758 0.1807417828294427 
0.4023874263708236 0.8815384415240897 
0.06193265430045303 0.5374038924207496 
0.5063763582026242 0.5628221044014451 
0.2251896432902929 0.1186539590526357 
0.747545101834147 0.2731921668403708 
0.20790007653360432 0.9066607816265408 
0.7156742576434926 0.7207078176239445 
0.9217521041851507 0.14219495245307012 
0.8083313935230061 0.6732821373393719 
0.06610627247750073 0.08973270228396274 
0.861557638798866 0.714940908814997 
0.06635887737192653 0.7868757920482627 
0.8434573275381618 0.12625099245802474 
0.6580694111144659 0.8021178366732873 
0.5945844832185472 0.37222310865275315 
0.7409269807365662 0.6817936250141392 
0.5580803631428729 0.910508698731344 
0.12317659877284437 0.33896928916678093 
0.8638657443278268 0.5683441407546491 
0.28769033288847684 0.4052553447638789 
0.9179161647713738 0.4281508149216441 
0.6307113014366144 0.10565603129743906 
0.8938951826576356 0.9632547980259369 
0.10681139997659073 0.9924486747428707 
0.9774166065211474 0.8980708840779624 
0.7464896741776972 0.5478533873596309 
0.465046094880128 0.10170948680966041 
0.30352955146626437 0.37587939394743797 
0.3665894343085835 0.557105599523827 
0.7556857299694739 0.34879444631053813 
0.4316779213900811 0.9845421112268761 
0.19375042308893792 0.02118260852291942 
0.18583225369040346 0.5184286398048779 
0.9162965169520163 0.299683214094869 
0.9499403415276885 0.6171040310974021 
0.3961240599460124 0.25769436359921044 
0.7930924699483101 0.24779830491953214 
0.9419512106796823 0.6796100656007502 
0.8569892709052153 0.6349008091264456 
0.41540861354313396 0.4125526322831147 
0.672936299740079 0.46831285385316884 
0.4695379444584455 0.008060527925365768 
0.3396993111574459 0.8819269109741779 
0.13492136247459868 0.6347648485542826 
0.6868676655082439 0.9570261453629632 
0.5180359662122478 0.37321877969057343 
0.8707079821457767 0.873839546020591 
0.4438416775369508 0.6257234896779303 
0.7800975073683956 0.8046765279075008 
0.497152841784872 0.20079189570224615 
0.1207406006426206 0.809109583759295 
0.1884703701947592 0.26982232566426345 
0.3951851230164607 0.8384368998086296 
0.022486499009749084 0.29936987044610347 
0.4889160874710124 0.42768886872640777 
0.5614512789498297 0.7969517680989209 
0.9108942973758712 0.020605818728645975 
0.9568837011136696 0.04180995103365692 
0.13981274938573213 0.8466352683427859 
0.3169256601352447 0.8676199627885759 
0.3811786638309964 0.35062569560906554 
0.8014162722656484 0.7062810899327823 
0.44392608173520004 0.2559224447309836 
0.9454043681946794 0.11845873655251399 
0.48623660391947315 0.6092686185398147 
0.9915030869103997 0.2595443203349914 
0.8706624101770419 0.2833602942456501 
0.9624524449402032 0.7476239103331196 
0.900513245295548 0.4976700022095821 
0.3704397836780665 0.4353567678864928 
0.829790842043467 0.9399643910899242 
0.21558676097237633 0.6876222242131498 
0.32284160561396225 0.9287888015751327 
0.481388754833254 0.5273633630453565 
0.8805644897982341 0.4513365050808785 
0.2529488781894194 0.7266339020287952 
0.7208823690731558 0.8680391403543439 
0.46764493584868927 0.4724158295893187 
0.573756316601838 0.1125124539553512 
0.759025133814655 0.7179924558861654 
0.11016857355972687 0.1500879996216315 
0.8016999961314041 0.47421752461997263 
0.6788207845942662 0.8189322255310976 
0.38702428215212015 0.10300306178710206 
0.5209903048661628 0.6724139270790953 
0.9409596164408138 0.3701132226471474 
0.11701847698855683 0.2773487354078375 
0.07701681408998617 0.3782295367088139 
0.6623216632223141 0.7430054754902944 
0.8306652393440029 0.43067489135980014 
0.6705905582050936 0.11806954859518853 
0.4812538582010719 0.8536184674496701 
0.5927585467874023 0.9956894684284663 
0.14728605929787258 0.5968347531387997 
0.20365175973817545 0.3308620121616366 
0.3565272639341979 0.01240180909926819 
0.31924013513002425 0.7014201634270814 
0.7325982473851822 0.9110258680893796 
0.4200862401752864 0.6984178174999259 
0.008033945276385235 0.5262784979794374 
0.28475048278854015 0.7329003014528941 
0.9587397554562023 0.823868302878502 
0.8427501613184432 0.032986181767849565 
0.8290462949473097 0.9844028322746325 
0.7547600710738274 0.11502885967645371 
0.5221778493237762 0.310797877362845 
0.8111911605811768 0.5139440819869524 
0.3997100394172188 0.30798132779146914 
0.19229352618982204 0.2317680629781722 
0.7813500744043104 0.07699950820462698 
0.7253183351814525 0.7443550151160854 
0.24131231952393417 0.7847851336726672 
0.8700656962307893 0.1416481921800652 
0.8705967419183169 0.48338175465293093 
0.6416180868926233 0.6435725612391832 
0.5353496575465062 0.08542126713220705 
0.19070878574942274 0.06811950959902169 
0.10019672402884827 0.5782855816561759 
0.9601490361119943 0.3358866639495141 
0.9153465556323884 0.07312736634997491 
0.5187792244263351 0.2362521036273097 
0.10753690784875725 0.9264949702848653 
0.3259228189992903 0.21994632481818782 
0.833194045320012 0.6711900087876859 
0.07281052531760518 0.7075582414035404 
0.23995738615976742 0.16998019226888006 
0.7578624792789463 0.9392252840863728 
0.5497891253787549 0.4498425071395383 
0.6718322697633886 0.6174474636598147 
0.258725108436172 0.08291518781585133 
0.2373300524949994 0.5982224383309845 
0.8095453107677453 0.15263278416133563 
0.5768762849678466 0.5842750507502525 
0.9052864195047615 0.34749980142298603 
0.11822249412645097 0.6963713098709414 
0.6404295877620022 0.40801989432538993 
0.9233962126681918 0.898557975433234 
0.3271650132676651 0.4577543361267238 
0.40013277015781545 0.16349254744946723 
0.8008529507357605 0.8763778046037655 
0.9702714701049426 0.0216213172491469 
0.8413250624569879 0.8257386608762058 
0.7154326505857377 0.19136342192576355 
0.2964549261447787 0.5408824126520694 
0.2468199872290901 0.5067835181734605 
0.20933777520772962 0.6617241462730322 
0.8401268573219822 0.7789269923319829 
0.6053064637990624 0.3474684491726737 
0.29219345980500966 0.06490609441342865 
0.0714416958911902 0.17962778470778518 
0.38436380567582973 0.9279006305792452 
0.33020614199737003 0.7776031243358499 
0.32838673769369053 0.7218092065550673 
0.9366565258259282 0.8705447113534932 
0.5343957896667864 0.6130844392600147 
0.1659564420389153 0.7957468036371586 
0.43909773162715665 0.6460469092571275 
0.8404194308721713 0.36168114760913506 
0.35076762424406965 0.3359850372734896 
0.8938969269617919 0.7995534592475881 
0.18352031850518558 0.8985230965987856 
0.6420798859393418 0.883747085803181 
0.0717739129481133 0.4648899367039496 
0.943978809974813 0.7856478908935827 
0.10161999641845254 0.4933479546496687 
0.43483577757468567 0.038898741664098846 
0.6202329295155753 0.26488626989020536 
0.9436732070762011 0.04415519094024356 
0.37281751092588267 0.41288663584942353 
0.029923598362981307 0.4409868849251215 
0.5640000580340829 0.7290057600705773 
0.9443912338644214 0.6414580127273952 
0.6017861188995223 0.029689269397844442 
0.3463954260482862 0.9747023137976053 
0.7191371801382802 0.24806572403446586 
0.06903384048982014 0.6358236422475683 
0.7562466178628382 0.29805562006985586 
0.01810693935774088 0.9910391845537396 
0.04208756201482555 0.33318032713657875 
0.6423291927008208 0.6787538944913357 
0.5057839257316303 0.5040180417636032 
0.7226857637927122 0.5066056025573222 
0.9321264878852338 0.8485641972151847 
0.22517314688047024 0.3894453554973084 
0.4444614540879743 0.6762532288252106 
0.28850944221869174 0.20843940913043024 
0.10075687998181676 0.12411548539601414 
0.14447916072651867 0.011785116212307545 
0.7681770642598127 0.01648205226779026 
0.6324364442218681 0.32246845091973675 
0.6486913691373323 0.16615614637146786 
0.014685438284432695 0.9461275717892248 
0.6189879937112422 0.9708431530854527 
0.8965436934193233 0.6510916585090933 
0.7075677055612083 0.5314885330840301 
0.35084691687041425 0.5103529494651017 
0.41195887341246523 0.9939275672400526 
0.6651756136141935 0.2170027344097888 
0.1477129796646317 0.10618325453127087 
0.01059685979345304 0.6809590143402832 
0.43657480174092483 0.4608910489138451 
0.6212801832763664 0.6022620576550033 
0.6365472837650652 0.38615934702045357 
0.6676493474748908 0.4445375186122774 
0.906645167124595 0.24698532207083468 
0.7850042315749084 0.2238932968700889 
0.3224328776044331 0.3933138410886759 
0.6061297678752218 0.7318528492251613 
0.23587735955964895 0.2064727054886178 
0.5633233663480035 0.043163631319925344 
0.8540168572288802 0.5911251186231508 
0.8945634429429841 0.9870195402843862 
0.9446809617485519 0.264735816858661 
0.7217730178480751 0.030752897942094015 
0.7439391026663051 0.5828493448286913 
0.4265903006761268 0.8897590394556258 
0.26260885443722126 0.3229831613517904 
0.3653596038019617 0.807911827309016 
0.5159051047055643 0.0792687042097045 
0.4382020902679066 0.5586275226475443 
0.10494597924452809 0.841149532755961 
0.8199751585103259 0.7175808085059416 
0.6701030669077023 0.27977319533141354 
0.39793200383381866 0.6681538487979575 
0.9254906452963515 0.39134073955034937 
0.33154916149037944 0.5053131272427843 
0.2284877255072708 0.29754914698991697 
0.3150354943241225 0.674553482241653 
0.8256162916719202 0.058966637022209556 
0.9025556668018118 0.596775179695507 
0.2654667620897153 0.8979561678436611 
0.6149435297061782 0.5482550143555225 
0.6902884789859342 0.8923428711474337 
0.5520402663720596 0.5362114668144136 
0.16882688834358706 0.9460764217329707 
0.3452421860297603 0.4665815409339039 
0.03852589019210784 0.05040656143443856 
0.5391629691741434 0.0064176210821227375 
0.7955048337887378 0.7596431486772004 
0.49630341720121945 0.022072376387277548 
0.041431072080200804 0.2909871235361173 
0.7935618590595601 0.6287390678226387 
0.43739477135499305 0.37719185209420986 
0.5420035162449354 0.41581786106536545 
0.8546157422970431 0.2185066996283736 
0.14909919031517677 0.323488912806119 
0.7643297402790503 0.6259099109765851 
0.5225810934527652 0.03997123045410206 
0.8760117851111514 0.07760030397505041 
0.7177951553239523 0.8055177954179329 
0.8811698557631147 0.8965323951202316 
0.01995875038148598 0.38848723622615333 
0.403594287006972 0.374232889535113 
0.8536992023482931 0.6579882335391406 
0.6849091317122393 0.09892522140805776 
0.9940259357677186 0.8713535237086723 
0.6422310023968871 0.9091596489337939 
0.34638324169497525 0.5367100915612015 
0.47451918629830964 0.24766243761928358 
0.7848008784763066 0.12324737682773346 
0.13976181762054746 0.36856299595251935 
0.618016928274363 0.8316308786542916 
0.17384523357817994 0.43811965716259094 
0.19427917123581312 0.5424759213537496 
0.10657474585168669 0.5589654497233626 
0.25451613419127556 0.56877012590926 
0.7880456265271552 0.6642709971604946 
0.9562002161502159 0.08691887934930209 
0.7743976091639446 0.7726503819282811 
0.5535279778900737 0.6228825030406806 
0.29954554192935845 0.31593556721686494 
0.49767145160641335 0.9191586243781797 
0.2599854916607502 0.025666049431359084 
0.062049898885203236 0.6819234659315008 
0.1053319359468623 0.950048683346099 
0.5808860908736204 0.7726296865143258 
0.16985276118740694 0.1293675778628593 
0.6427423584160644 0.9479412318837723 
0.027344231586308165 0.5065399116487939 
0.09576903790526131 0.8811713111093293 
0.14070268378170514 0.06965351850619872 
0.304001455783079 0.7604216842389251 
0.7005937337733893 0.48276260795330894 
0.429776625439208 0.7673106098940767 
0.7757800553362098 0.8317316728121364 
0.834678755774358 0.27724372961627103 
0.5735551850380418 0.6774574884913982 
0.8753005257495607 0.5126132923783794 
0.19289593183035375 0.20252468411622038 
0.06362994440602449 0.8451597044535685 
0.12912452250509449 0.48564903570183976 
0.397221914801848 0.5357470888191678 
0.1825141440665366 0.48708125601201996 
0.18955671031525606 0.8318002089248144 
0.9234923105873702 0.4783074393259375 
0.1839513028435078 0.8726849264057824 
0.16284190094177764 0.46808252037256165 
0.9720896014439482 0.5533716029370511 
0.05245341613995658 0.9662844252447607 
0.20799886050902844 0.8119101523355909 
0.19652288171670762 0.12278425331850007 
0.601134516795578 0.2771728859951368 
0.5311108682047756 0.34305004987786725 
0.7484597017876979 0.7837493091067566 
0.8596273465650685 0.7514901217149548 
0.2671689989043433 0.7106822067089225 
0.12606079326599745 0.6562340613893214 
0.8407777144710682 0.8028115874761046 
0.7320658931657293 0.2850262898594635 
0.05461928052309928 0.7476979796501195 
0.6775942373231516 0.9737073259461312 
0.31395474302260584 0.4252137230173455 
0.3137974520415072 0.6281713138750367 
0.1291438101145112 0.9268802414966879 
0.5400324342976751 0.27010061751143655 
0.16021904242412055 0.27748239910027045 
0.8949713359975999 0.7165287624657044 
0.5529274887364632 0.7560477829008896 
0.9932244608448171 0.7170709424056583 
0.20152822096902068 0.618274791298544 
0.2486534871131711 0.9733361203190471 
0.19159517493015055 0.39764219288748787 
0.503643197417917 0.9587349313348962 
0.5092562773819583 0.13410839635286587 
0.057253062972488666 0.16229227922249378 
0.39326986820132154 0.7531112206117385 
0.9755813166284776 0.0945105408033795 
0.27597772718147406 0.7833374162340645 
0.5324556127092765 0.4620086086132796 
0.32258605928051753 0.36035859780843 
0.2609321545045028 0.8269768718068679 
0.7779916703257935 0.8879482398356431 
0.15843610639626948 0.5750711663407633 
0.9886098048923484 0.21398628136264336 
0.5257983896023309 0.18920682545448303 
0.6412406233476263 0.7901787839939258 
0.992437261602038 0.6635303364469431 
0.02140897900897315 0.07792961165394058 
0.6932018633784235 0.5746841552659642 
0.35221120832856057 0.26807135361838813 
0.04555775332661732 0.13910178799272688 
0.7729904303406927 0.20647860648331795 
0.9346822528930105 0.750506015130864 
0.4910693850795992 0.6752256235990883 
0.12676468152188658 0.39350973111991133 
0.7665731513157442 0.9775170752990383 
0.8796825238559589 0.8395507680232135 
0.9917238288690395 0.3316411281168987 
0.16329067882904613 0.2154509385806933 
0.44998206346795416 0.9785971321685434 
0.9635120715206265 0.45544707769885967 
0.2086711267088751 0.35115497116835226 
0.9555314145824985 0.5083387516428769 
0.7365172761633634 0.2211920566714481 
0.534755398544165 0.9914834495630931 
0.7154397353246569 0.9211887695083545 
0.9550469046239638 0.8869234725444455 
0.9308519710265506 0.4141659039515078 
0.8273214539306386 0.14467162573949455 
0.5294463610736321 0.14994128661597023 
0.5976459320469749 0.13271555268469176 
0.4836422960810948 0.2296438937895628 
0.15507327485909383 0.7386456562085121 
0.5647241321447722 0.41997855490926894 
0.27092971527912413 0.5397076603352802 
0.13927972606498396 0.14104932700738326 
0.24477301891309328 0.10254512252520137 
0.6056035494670327 0.44417465233778125 
0.6076347887318905 0.05277706166855095 
0.2692882984698677 0.46248283502458754 
0.172412233768372 0.37309661834015817 
0.5296156866688952 0.7987595485903267 
0.450086021246354 0.18175420769367556 
0.7001444883127321 0.6179280893841926 
0.7244842124783911 0.8499561804588686 
0.17502739221297187 0.5944953270516232 
0.8280325178653984 0.0211493807090401 
0.38420898277796983 0.5759005736673896 
0.48345867450580304 0.8965379743977686 
0.26326612727171916 0.987630329437346 
0.25439341495717793 0.28962266414986604 
0.38780146303357 0.13706671235036705 
0.21549424482109086 0.4583205985782358 
0.23054688441804105 0.5462523663788246 
0.775140440957635 0.3558102640952814 
0.6108045636513598 0.6720026219812966 
0.9787894158677837 0.699097739152855 
0.24259279193157612 0.6295677267000962 
0.19070967793204024 0.9167794823608992 
0.8006794306432189 0.6035861379947965 
0.05466808011657531 0.06974792780359379 
0.2329194314819918 0.8943612333978994 
0.18260718733923575 0.6922920103646862 
0.6634509641208162 0.05427212670854559 
0.4837659675784028 0.3479272574349831 
0.06682791930814702 0.3259199803482545 
0.17564836247857402 0.970080800358861 
0.4604730137377416 0.7663519653441913 
0.8200780613371979 0.49165907087382676 
0.024860390278513667 0.4638980957243469 
0.1459730632740231 0.1752737545405585 
0.05717752533583742 0.2795619991196303 
0.6370213322951055 0.5644516253408136 
0.24399851703867692 0.25543589976296854 
0.3392477898168046 0.15997409408453284 
0.8298506227966008 0.871685812174286 
0.4569680359704402 0.2920602344392014 
0.4007645111048256 0.19125389570783113 
0.3493312990818094 0.6875958647229946 
0.2569930739467917 0.5907111039996124 
0.2594779965176153 0.30582339256625724 
0.19941624886131026 0.7489393895058825 
0.12840865469395024 0.9692038527626752 
0.46139867552516395 0.5253052541772939 
0.6793118075153677 0.5035763241292771 
0.8632966724978854 0.02014750696321632 
0.06158657396964501 0.40417810002248694 
0.20907374748851015 0.31420847399473123 
0.32688915854793577 0.006152978024807854 
0.3815576233719331 0.3913782478281287 
0.09071582943196543 0.26285118428733006 
0.886249958292166 0.42193455171010474 
0.9815313051380646 0.8109165451089021 
0.9564372770392627 0.9362246631820593 
0.5617904031302995 0.95201394399149 
0.593019264414358 0.16117483961128476 
0.9894696958664273 0.16656809125622585 
0.49966321450491374 0.2865450061224868 
0.07320317861959791 0.9886942780657345 
0.10718688021542683 0.012961839430022215 
0.7707700860134745 0.4463917360745341 
0.504428746287114 0.4753254106648353 
0.6249512645572419 0.08359324691145947 
0.48664390564719145 0.5727084812937199 
0.889851462645217 0.16897601966229991 
0.3990877687475853 0.7868752055296888 
0.11344621531038263 0.44527221530464867 
0.9798814268119813 0.26888991634893655 
0.5400640364868828 0.4914422849908576 
0.30441905964154636 0.29692191814662716 
0.7600313865912984 0.5358141572125916 
0.1052636081836471 0.3557231176368566 
0.6455537303054686 0.019785778070226023 
0.6831670705675564 0.6924609728242734 
0.4197150458241743 0.932233305372898 
0.8294542642436995 0.5476551361415477 
0.6290877141745983 0.2464076690565093 
0.027505255604945544 0.2600999228655216 
0.19419148100351125 0.2871458205273295 
0.7988203314914482 0.07840904438520302 
0.0808627037613538 0.20221403060033044 
0.248865621338134 0.3673688507374844 
0.029468412848078107 0.37624194263465205 
0.273375679410343 0.6587826387186364 
0.8471316548951682 0.547980361864195 
0.49947950325703194 0.7885567948483037 
0.9554589841432196 0.13979593825373382 
0.5252762803672952 0.25493905441700143 
0.10445452935236599 0.5325047445885033 
0.919666014659253 0.5300353524179189 
0.1685876114013506 0.332536392182998 
0.41994342198345647 0.23916172798161378 
0.055402780603027446 0.5557580291687028 
0.30761155276315255 0.15173488575157323 
0.3669716081757403 0.5975136122565488 
0.7990017253450614 0.33098366116038536 
0.6883282226092087 0.5562470278676594 
0.3405341325761436 0.8406674739919291 
0.3501482373669272 0.20470290981126715 
0.9895326050879945 0.59920236196674 
0.4824762313530657 0.7490407016993403 
0.35723603220950234 0.7368913057407824 
0.9610744711106509 0.6588942484716617 
0.4422067458875705 0.09936148303856696 
0.3923610251411547 0.45850443245850836 
0.6146929547090169 0.9005115421978658 
0.8706921124329362 0.09674599391340594 
0.6649501970801528 0.8725382470986115 
0.8307472025141054 0.3170811567889773 
0.9084775341108811 0.7550553489721799 
0.022700339764979316 0.1987845722584658 
0.1335000558189287 0.8714898588685549 
0.8699541492649163 0.3652394920494503 
0.25699958415845553 0.9471807422725496 
0.5419605616546675 0.023803501666304294 
0.9892720055443964 0.45553363623610094 
0.7957052520588248 0.9952667964331372 
0.8691237097570359 0.9674216674791094 
0.2409249167307813 0.05560022490698635 
0.5847476472735739 0.4435862583803822 
0.8929419955006892 0.12763644901829196 
0.5341651479079158 0.6369550137753612 
0.41555829417299556 0.8307894592993341 
0.2883925779675006 0.4878479991332372 
0.8406951585029225 0.6975550922964953 
0.9660189808322395 0.4075669973899638 
0.012253238766677221 0.826586665809109 
0.08108142360046239 0.9217407114055851 
0.9857881777168886 0.9298030485569213 
0.3134398892124027 0.5693517171758123 
0.39449690200336174 0.4233586112567318 
0.3593076411860646 0.8882456055261467 
0.7406644665076876 0.8054081471503952 
0.8490675603644671 0.40965487287524033 
0.5189479549330758 0.8708420645267863 
0.5906074790664597 0.9066093069693613 
0.11407273231172022 0.03522917567147854 
0.460436742383829 0.380634055147586 
0.6017820619564991 0.5760245712417746 
0.7604540291320822 0.18127897971573714 
0.011651898595793186 0.6155808132492053 
0.4536074886401256 0.123166687449622 
0.06255011459784249 0.44013976319194614 
0.293775582623701 0.13414287529471325 
0.15632780548282504 0.6370967968813255 
0.44311013517617265 0.44182747620228 
0.40699416145024336 0.8561567245365047 
0.011545301764159577 0.9188567194441468 
0.8818467962070125 0.5427504204744997 
0.22345081821283214 0.5209300879124972 
0.8239660308511148 0.11559607147994905 
0.6448867687527102 0.5834090943081838 
0.554530380438437 0.16065366236031792 
0.07653724790899175 0.6086031305753806 
0.2861738111615415 0.23248993754790498 
0.7359075723769359 0.7610656455227223 
0.27513753118562156 0.7605973737747387 
0.6664362930188623 0.5269357893724211 
0.7487521291962753 0.5028557308953474 
0.7049954090234156 0.8294874363249165 
0.5604922893495018 0.8334888717312872 
0.4575034710427213 0.9338900176802972 
0.01637132763991156 0.3520863419918377 
0.6152163144646366 0.21082512586251112 
0.5447619474630597 0.689057063042384 
0.3868876880657327 0.6171113787252768 
0.5205941883637759 0.7200144135238674 
0.691986037138413 0.25411411277994445 
0.7820338535132009 0.6765564451259052 
0.6818999329809665 0.13653018789187643 
0.07972919434380382 0.8720163565213317 
0.8815868743582254 0.30291560727839106 
0.004623855065650273 0.40929483361759184 
0.8926268273075515 0.07192441872344851 
0.818053006504488 0.39645961174749905 
0.2560960889461529 0.9205527116072587 
0.6852918347490957 0.74166429562658 
0.7047685906752907 0.9384861997102871 
0.9242634058919335 0.45452819497414654 
0.8554265524487396 0.8493355126393691 
0.8060738329772139 0.1712880990045092 
0.7059573598883545 0.7810308346171566 
0.713049994496838 0.957203145125882 
0.6789927896553175 0.31439470791417623 
0.5853252010042562 0.8380328105786525 
0.9282668179667815 0.944232468266679 
0.11321376058423205 0.6724985361231753 
0.8619707166602151 0.17570973906281412 
0.0849870577008891 0.0840149708910709 
0.03878451370999836 0.11761445240561952 
0.41569465583334947 0.7346352906142047 
0.6575509757877779 0.3872101648593273 
0.9773743535585946 0.8722711474811261 
0.5020268357356134 0.007818677321260736 
0.9327331195111868 0.28410028258598874 
0.6624834391479115 0.6581188038752426 
0.6112518497653164 0.953746681924341 
0.2943733953015374 0.18909964130740287 
0.4696489197393078 0.632389781008325 
0.3226436282718407 0.11659113963534562 
0.5373083189595507 0.9069662829934428 
0.33101819108212027 0.9625680865919798 
0.5798400379525482 0.5651020352674792 
0.5839941447484783 0.3219509469937506 
0.007680580545976645 0.6631693337457913 
0.5682041719783482 0.02621658152580264 
0.9366407200217783 0.8233864677855132 
0.3896503135559445 0.2106479620326513 
0.6407960253860975 0.9929505440147767 
0.9045915341461758 0.8891684539558657 
0.6317788333203641 0.19060883817852475 
0.8906328324889966 0.2570123265143296 
0.7070713824938218 0.6768313910404007 
0.8992367357398459 0.2265073561307353 
0.7199384868794059 0.16716053766609068 
0.6232049039176568 0.1405233467761226 
0.6371664460656534 0.8430790371805288 
0.402805644327359 0.6923160740692982 
0.6038365441491083 0.5045422304091485 
0.1727068420987799 0.7626605261159011 
0.4867545931898095 0.8703893283213706 
0.3884550034085986 0.07937787375150179 
0.5333799307981955 0.7458253621460281 
0.5242206133923708 0.5729984456884226 
0.5163659886083873 0.4212005987396418 
0.4624753163981883 0.8351753370977428 
0.9115281288501252 0.005657916418771947 
0.15262986738770679 0.5447851121324792 
0.022906776325906097 0.5544164754772491 
0.008001968904160772 0.3175260462337591 
0.7996478224501754 0.9229397710528077 
0.5866218231421692 0.010486008223760557 
0.7787298820939381 0.9528126143262563 
0.31380184875072625 0.03075256332829912 
0.08303235738284731 0.5210775982571749 
0.22008900802250575 0.16355402755081494 
0.725215750368748 0.09523838899744125 
0.1375606916805408 0.8217765625238758 
0.17313408201056796 0.2383378510132128 
0.9598504633215876 0.5998858061159761 
0.3110985968235988 0.4937317513662568 
0.36439756026935277 0.07016199502641896 
0.38677923057121366 0.28699071050966385 
0.9504960899652363 0.6978286065246994 
0.23636312957140876 0.819124247460751 
0.8450108200780987 0.4816770726575386 
0.7409922239862463 0.615173283025215 
0.08938662416451859 0.7556344411201878 
0.42624951647006165 0.16010549392243517 
0.8305554985567651 0.2109077494322924 
0.4566515961948221 0.042206821733259514 
0.9071556862853911 0.6968414039491388 
0.4862015207144271 0.09637900897531865 
0.41472833125525616 0.029339353722558026 
0.7355145632913374 0.36049419446428443 
0.15921093973328976 0.6879092648501598 
0.44972024851060205 0.7517786307689217 
0.3709177166787244 0.947697930038742 
0.6021269063934737 0.7684086319102275 
0.45765063598409983 0.8946804672548125 
0.7026816967690803 0.11880983844530268 
0.07517991564966703 0.661324889115761 
0.40186977318301 0.3415020155953826 
0.5445051165019053 0.2310283227813773 
0.3925153614744683 0.03642592250655263 
0.45023107168202064 0.011308943435710317 
0.7182500097464984 0.8917524871456356 
0.15434214458067985 0.965723757673829 
0.30739690646662043 0.726136085471947 
0.5982974905342534 0.4182019710900001 
0.06566748749803158 0.7209538770021651 
0.2965210764933127 0.866540529844777 
0.31506115141522334 0.8124511544403218 
0.49596944224051565 0.2544093813048911 
0.7266282141233462 0.3971734156921437 
0.6455045724452189 0.7569620761983769 
0.8412745533115473 0.960500456583556 
0.9912985849058498 0.7835789575235123 
0.11422746418615598 0.20661971133193396 
0.7787008387845287 0.4737918042655912 
0.21256072628385586 0.7743623851783088 
0.2494779122703339 0.00793708554256034 
0.8262314921129077 0.6008545828462681 
0.3456800291378237 0.4408991516766023 
0.7258140832813789 0.426613059466101 
0.5198590030322539 0.7731627140558375 
0.5935472297790699 0.9504127618203775 
0.9432851516320944 0.4930646232237485 
0.6879624378101885 0.22091119387861574 
0.03586734969434607 0.6730533226494485 
0.7823862501282887 0.7177921864733978 
0.7099216281121525 0.04906479219971771 
0.34487130346534367 0.8613932364584782 
0.23380720273647088 0.09304657617424467 
0.6287999368549965 0.033957976522330346 
0.2141944532774055 0.9981469623782808 
0.07268069949575395 0.010400684077153721 
0.9542818636178934 0.9956228020909821 
0.7520081015243572 0.6581859982956908 
0.71532278094915 0.318032324489 
0.8499625996914177 0.2883217889534353 
0.34669044679223304 0.6401147114216477 
0.6405937232457845 0.3473242781591001 
0.28307579311784403 0.8203287065438827 
0.48697735161398836 0.04071407467497817 
0.4276459380420663 0.0602200736323506 
0.5347166854141241 0.3906246725742021 
0.9245441723331562 0.19815769907632724 
0.49312098247305036 0.7109722440592474 
0.12851219406253717 0.2616699710397179 
0.5770701074890753 0.915118500333908 
0.7500204116159381 0.9235431972715823 
0.931996702249823 0.16073872232754094 
0.3442021935601113 0.2931149292142551 
0.9404812771682312 0.5655991870873621 
0.21261268175924591 0.6408610612289336 
0.7885240666464356 0.8399742391537409 
0.424813459389424 0.6171558486660784 
0.47987468864253735 0.3016144112458376 
0.9916993318430407 0.732445747761234 
0.46590292741387246 0.22399442137172215 
0.9941293818136494 0.18834824046693543 
0.4701557077904143 0.5946087314476589 
0.8708868143843446 0.6711729145499158 
0.09481951961813956 0.72073043345885 
0.6580184337061896 0.09766583214631702 
0.4452668517611059 0.8736780078555679 
0.9887129441672038 0.04534223113650543 
0.04573903982565941 0.7913173194192087 
0.9090938672215279 0.627704979768402 
0.4410947930365369 0.7864634632557599 
0.30211826069522196 0.9675231882100871 
0.6441144873378227 0.7285949253288908 
0.08809317997734867 0.2375708094939557 
0.12926604263723956 0.23208673951156888 
0.1370811877420367 0.9159183181501059 
0.7802133597629966 0.2701989735082987 
0.45763193746435193 0.8570910112023231 
0.29708425150819784 0.4557353159071171 
0.3540350681867768 0.15343545186621665 
0.6004197075783808 0.085018139918633 
0.40137772459780385 0.12284020015415165 
0.2851413990601519 0.16810321494746633 
0.5576177730444178 0.8827020081161285 
0.6400156300342545 0.2704817359310845 
0.256709796795617 0.7818014186380788 
0.21956491538114353 0.24604620040216585 
0.09277068424470364 0.37216574073798336 
0.4806718050390403 0.5490239535520496 
0.11178845169285873 0.640459675875644 
0.5156579952522801 0.9386723181466421 
0.3650901180233508 0.7047299080980594 
0.4038913755270276 0.4789248994858745 
0.9264426171204654 0.35041110532765857 
0.37846138150241276 0.7802339621849904 
0.4700628630532879 0.808801290127738 
0.29406647255752627 0.6208961640616211 
0.09764526106479876 0.4697977285675241 
0.25292307952486853 0.6961612673773919 
0.19733008858995216 0.5623745763435564 
0.8756544528577526 0.059589679556043496 
0.41558639228695904 0.3077038627466057 
0.09221654282035657 0.30706212481131856 
0.8274835086703372 0.6433626082036239 
0.8977624813816838 0.3635668913771959 
0.7749748651959368 0.42676421936292247 
0.7010339446320624 0.17504869598132877 
0.5761111573043055 0.1718144966518645 
0.44230272102190343 0.6975689697499241 
0.8720632954187579 0.9889720247346101 
0.5496186623570288 0.5819202817648527 
0.8978707706585033 0.7804509010534614 
0.8004902314654271 0.7278480713761182 
0.9862716831127197 0.3893742519301756 
0.9568409179567381 0.36061027604170115 
0.3985451545408917 0.9295317249115912 
0.9899821275061136 0.5331326949460504 
0.15423738341402216 0.4272286177438821 
0.20797174994048523 0.730715007846427 
0.2570980277390881 0.5228753099036045 
0.012638094281435974 0.7439076331415446 
0.9125440615312156 0.09878366121286758 
0.23117481655286604 0.617098330619257 
0.10901095813988942 0.23208193169885077 
0.5825316322800633 0.9789402012344434 
0.9160425503479013 0.5822014062014262 
0.5953023869912462 0.5255582075379823 
0.7681048850234263 0.4059177144512006 
0.05518982246467591 0.6217599984728018 
0.628192462641737 0.17634304531145528 
0.5944726291005928 0.3890839132747177 
0.4318007825823119 0.4982305394260755 
0.24726087910648425 0.44501139647834226 
0.5669292116455806 0.37929464176992106 
0.8621290535164036 0.4322000705085187 
0.007051318007270935 0.24949559344528377 
0.0401025775173125 0.8976412479730256 
0.1096189593502076 0.4079383117677865 
0.43314647766997477 0.5406837095960499 
0.08660597366960465 0.13925986105139743 
0.6892599647227611 0.994139142589272 
0.7786619622354946 0.3285398704882929 
0.4878817211628523 0.6305306158946258 
0.763355341651613 0.8766788693554004 
0.5643594855336098 0.8590822067174827 
0.6978740529774199 0.15030987500805992 
0.0839000605566938 0.5627781068948582 
0.49164770312476747 0.16587172397583388 
0.9432207047080567 0.005230486530362899 
0.1733732639539658 0.19345130343357603 
0.8870339845531974 0.6228215327755366 
0.890593368653536 0.03655705323886527 
0.8515952089586845 0.350460421508591 
0.2419197775767748 0.13041845402867347 
0.20142281331112377 0.9301037649404567 
0.5984573848209914 0.6178462420536587 
0.24122775669920304 0.028771209108218287 
0.4108283196246374 0.2598788720767822 
0.09064167368636467 0.3380669662192638 
0.41671588546273003 0.09679114066700223 
0.9955235150578405 0.4840592815837021 
0.25667672020464677 0.3475566619269781 
0.400310070738881 0.9094796572014432 
0.9129263889206998 0.6814386753189353 
0.5345746480478932 0.43732645555773714 
0.43856180866334354 0.3256296695703201 
0.057520349412305605 0.769219263830965 
0.8110098751130398 0.74575383151379 
0.9358751614469354 0.7261358100062556 
0.13120939729709086 0.08694355637095902 
0.04107161578715657 0.7226303182571163 
0.13336733380865406 0.7491389078775437 
0.9758312981563921 0.2360429386775431 
0.7106099232043734 0.575917882500858 
0.8578215177801767 0.6121343529211932 
0.6660975250518992 0.49315881396577543 
0.9441079016399619 0.3195954117331227 
0.3115883217595524 0.7920913031230278 
0.2766960787236822 0.3842549462656091 
0.37748795115868994 0.2624819078961683 
0.9556196962163375 0.42112822683545637 
0.5833688235299669 0.4609632411037513 
0.23424529835564445 0.07611721188615839 
0.327499143949457 0.24938591688671258 
0.9925074853966176 0.5683810031044896 
0.7536679041913388 0.008515570501142156 
0.598386168800114 0.9292480553103062 
0.31146814911479537 0.3382147172174379 
0.1261402586632424 0.5427797316112879 
0.650625478239126 0.4545976917509205 
0.4975676231637675 0.36422113010577717 
0.5373168036942912 0.06144903161106863 
0.49840433909325776 0.9731153119980565 
0.34376495447735667 0.08861384701326452 
0.7468371245424615 0.13830941611607395 
0.5786672307808163 0.07856815798643457 
0.7038863301081941 0.3641082779244038 
0.04120377777204487 0.5758019920010222 
0.8641577420726165 0.2636104558648224 
0.7330773239640412 0.5696861972553714 
0.5934152157645595 0.6831489161797425 
0.7636516708236574 0.5997520238612759 
0.67118953897116 0.17313194803833087 
0.7684656089355563 0.49135279491473144 
0.6367596646681933 0.8204925090326823 
0.9655991911510134 0.2729238734545529 
0.36865009268375454 0.3303818871162517 
0.9068703341725668 0.1536528034541817 
0.21173439458074417 0.8456631073399296 
0.5115457788669459 0.05625153555005674 
0.09767286285312704 0.6987876183897308 
0.275604470749533 0.5594561514046467 
0.6886232617391762 0.42830697771757 
0.7571812876128238 0.04775097191458111 
0.19188648904713823 0.6508926040284715 
0.7629606506616191 0.2238184939231075 
0.39626438678057374 0.5628600761882415 
0.9699649212943964 0.11543629483348883 
0.6155915945445452 0.4184647927785329 
0.666106760904339 0.13974501053269028 
0.005467620533267936 0.45740327981383866 
0.12253020342091003 0.5638467825860565 
0.3963700759912066 0.9871980480962439 
0.854068712369435 0.08407088903371196 
0.6375685466745861 0.624988372999516 
0.8412713706113215 0.7251299957121465 
0.10095651354199742 0.8238032964892372 
0.8477390615293174 0.8718305773484749 
0.46745524984774084 0.6734578187959258 
0.6810646546455774 0.838907176478722 
0.22688258447501775 0.7647048091825697 
0.42069562603729727 0.7122283500747716 
0.9218449901274398 0.32680076665430247 
0.36057213567337615 0.9619972354195121 
0.5975993322037857 0.7493452405872354 
0.1009806986282556 0.606407705148748 
0.5217056171134763 0.09988886159559612 
0.5017313356550116 0.4356472977806535 
0.6670701139364349 0.7836754505146758 
0.5616777541974027 0.5572203156923606 
0.005543743153902214 0.8561243767445792 
0.2903794113795026 0.6854377636300102 
0.42204887705209 0.20185418040866526 
0.9677296212187656 0.19992245275199327 
0.7959145176919165 0.5806135365932572 
0.6711375519293021 0.3012510172034336 
0.3847491448584186 0.2374239617798407 
0.7959120735862062 0.801684673316429 
0.4654399725546983 0.4936125096141251 
0.05670600821215832 0.5040958204596644 
0.9176786104777128 0.9209815830955997 
0.6666163185701951 0.07838624109101522 
0.48035693369488797 0.13651106724237094 
0.6715986263701379 0.41989420305385444 
0.6248341256902189 0.12077373721534096 
0.053216463055726804 0.1850497440532643 
0.08385046558755321 0.11409737890174343 
0.8926621539303621 0.3373032844388524 
0.03371780136415592 0.6222578939887091 
0.9746370621395307 0.9833095739274138 
0.43765259920786526 0.2726717562361724 
0.7668214614566553 0.6774031452777953 
0.8619241956935275 0.46073752869404294 
0.919471973384776 0.04488865160276573 
0.9483848227434368 0.22981645145369517 
0.8119252750957873 0.009768649566324339 
0.27785905709376335 0.08806988422187051 
0.9593736006204998 0.7740588876595573 
0.4214449708932666 0.8691166507023579 
0.20646384939871387 0.10676107116771638 
0.06819367983215319 0.031818515722875584 
0.18085852273280217 0.5736973168953345 
0.21645478441191324 0.03012484747550709 
0.7349071081567141 0.012772359218116536 
0.73428426373586 0.45378340213487556 
0.20230408973106928 0.5093515916859851 
0.17091086100000458 0.2977108132969749 
0.7167897746820804 0.7639812781887401 
0.5749498281772502 0.3527728013313605 
0.6615474125042002 0.5646624520736753 
0.5735942126732536 0.5173542814682627 
0.34190221765479967 0.01686353687524461 
0.9002906533283317 0.1984420616835565 
0.035469885846933225 0.9402521243092341 
0.21563056992456026 0.6023007369964889 
0.17308054012875118 0.9151640645610175 
0.6814338399395079 0.9084009317960069 
0.5296571655867617 0.9553110244608765 
0.7451148905894289 0.3332253661163891 
0.42699640776482023 0.5813219581272955 
0.14988225268677935 0.9815673766332578 
0.8242426128017694 0.0789929108114007 
0.26893569127470063 0.2790798374833975 
0.30179386306186623 0.9336438458294054 
0.829751219138471 0.9209586930652887 
0.326743431523282 0.5483705297559586 
0.8920165918519423 0.7341872156230709 
0.029646855345922374 0.029508040664181667 
0.07225111943687496 0.2954485725367272 
0.3994545543877921 0.7275556999613652 
0.4412212481922897 0.2950930870205297 
0.3917623551800523 0.6422801328330467 
0.3169872220421267 0.4097614111548623 
0.4895970298220868 0.4095095147100418 
0.00800359564272285 0.7689453557069996 
0.3727602946819507 0.8436965688824687 
0.18522382260621456 0.16048338935592227 
0.2867944895181138 0.9110577196874026 
0.906218198416137 0.5464070613742261 
0.6302903695214236 0.4413698237687567 
0.805505892246738 0.2656910311645626 
0.00801819210301824 0.9746639246197906 
0.9073898768727746 0.5228592196010088 
0.08880794855712537 0.64311290003654 
0.7410068969185301 0.9842804014217248 
0.09567642847434804 0.7713633681661751 
0.3828632769569025 0.5139687621237673 
0.6230736633350452 0.9223323015746027 
0.13955776110594337 0.047716477777596855 
0.1734361182607938 0.07172842084591363 
0.7554485847204683 0.07249161298533968 
0.921898929715851 0.3720210697848261 
0.8147316884355436 0.7906877014785583 
0.5995781689919171 0.9768405103014886 
0.5602379742306429 0.48216617445841736 
0.6230650057113085 0.47394631321791086 
0.9253720113334428 0.7953464251468894 
0.9570256602134312 0.47836603211226303 
0.6223796178201155 0.16315710557062302 
0.5159616130083836 0.2119666026450845 
0.5510199673127097 0.111074654497615 
0.17354342566955805 0.5408548934989278 
0.14586358531345556 0.6197435823006142 
0.5366109850520471 0.17076291768466162 
0.3572273770180615 0.30281936267417964 
0.06505902631902993 0.22315204021218604 
0.5598622060496588 0.934384675831734 
0.8843850704385797 0.8589767089494241 
0.2255282104673635 0.333526299508792 
0.6850234307164227 0.9380675065885905 
0.8076954310656819 0.9549021287402761 
0.4183289323952548 0.5180026485640697 
0.9735534372464734 0.31595341591855797 
0.9561081068145082 0.7230973738394124 
0.03623391924553965 0.8722932063560415 
0.7280573741729566 0.9371732594691929 
0.15188072648665885 0.14474879495174597 
0.7434420790649937 0.7003497100510019 
0.17361207366836146 0.4145042230066665 
0.10290533111477623 0.09700158247590562 
0.3059963907248392 0.07450403079121282 
0.6493490302930323 0.11312598501238863 
0.3700585171637034 0.10843970307966178 
0.7983742914533142 0.6869454231594566 
0.5652316123528939 0.09148493805920199 
0.2947360013443789 0.5844036189416497 
0.8651409931592977 0.9356436876209165 
0.30997670609829187 0.2025995518841528 
0.2645689122059708 0.23667879366328165 
0.25717584762944407 0.42686700612347617 
0.8508754853275431 0.9156617019656006 
0.5407144328344515 0.6627063207759637 
0.5659241219569363 0.060508080464930725 
0.16327758225448402 0.6715495447441053 
0.2817767961012275 0.9494583322092447 
0.6595802057267247 0.6958914173002423 
0.7589234625591676 0.7607777264626578 
0.22915859629489171 0.4102319916506403 
0.8205783187680634 0.8987863272999833 
0.9675993861331827 0.0674935974879603 
0.2941184776152337 0.6453069207605089 
0.12456578509416988 0.3068760970105048 
0.372835501440529 0.46827818095788665 
0.134746254521867 0.7749443203512795 
0.07613568475115112 0.42157202219841533 
0.9129467755854286 0.278067385906764 
0.8682378953184313 0.03445259264030892 
0.7102600464704918 0.44431378839259117 
0.8821340256048376 0.1858165776660271 
0.5371910103892894 0.5278141481429636 
0.3715923307531361 0.5392791071460372 
0.22990835471042648 0.9655133253384725 
0.826862083069227 0.5663067936197952 
0.7663028286007361 0.26562055271574714 
0.7935213326896559 0.9028911980353289 
0.602753541096354 0.5982857646735112 
0.35342054687213426 0.7932704621623259 
0.8063510873824336 0.6502989737095719 
0.4852492593122974 0.9451753901347195 
0.6488698188589279 0.00453982148913068 
0.5855850188037346 0.28726670048405073 
0.2168159351564667 0.4297924749363331 
0.627644364335094 0.7401481097994256 
0.46400038502502416 0.263830696488695 
0.27720116915044146 0.5992433129668616 
0.2767773751033805 0.14412691765056973 
0.10440991509237885 0.05492892054019205 
0.1855832013101733 0.9906311718107583 
0.6051606147012629 0.8862959063075999 
0.2663453762488548 0.12406395208056009 
0.2037611734961925 0.07990585749492496 
0.7579083821773692 0.0972214779706122 
0.8175856652213147 0.7698887459892224 
0.009040656688069748 0.13009531729242008 
0.8095224795914073 0.4346012016249036 
0.24791055612750962 0.655137356320945 
0.6074072624899519 0.010887702727226056 
0.12159973835260512 0.8310786259878965 
0.13947770638981122 0.2048636111074384 
0.17491757697562105 0.7828033665417691 
0.032023231342820646 0.16819015232955936 
0.897560954169951 0.4083575020829423 
0.4791584140215401 0.6891080878571332 
0.622357597687542 0.38273171368604986 
0.5436746475839608 0.2909758173199819 
0.9172069794863515 0.49974959119208917 
0.7581462863951017 0.8234713826110771 
0.5886262523026562 0.730360949589549 
0.7906715681623353 0.4080354921758754 
0.7587629980684611 0.15758748958591468 
0.809051204688281 0.45559726253817634 
0.04945141034925249 0.00993846284091271 
0.43038780574463764 0.3989491189848105 
0.3710540795968889 0.031151821824403125 
0.298805149970364 0.01473276651418065 
0.7671810648939439 0.9013027523753994 
0.27489566903686274 0.05690577113221951 
0.4033044274734308 0.8109976829832914 
0.9747505592606764 0.5075430782652929 
0.504722703987273 0.39049201327488925 
0.11694503512749077 0.9816093116558691 
0.01390895075587012 0.8884548847842413 
0.88782559997811 0.9112156375621592 
0.13947248343990298 0.7082718309040898 
0.9344825065732677 0.6259727608234272 
0.35364197672901565 0.48108124016663234 
0.7053855715369561 0.875785580999482 
0.671424937461532 0.24266939406765553 
0.5131431386772358 0.5227473366987312 
0.01364737691094936 0.05149325955168549 
0.8758464923414102 0.798633438154376 
0.05215969762565453 0.4427561417435507 
0.4676389319733655 0.20107878779388272 
0.992886787623293 0.9644260879940737 
0.8523374949873029 0.15689337463729514 
0.9890777233113288 0.40786812535373723 
0.8125999464058591 0.30625932097362996 
0.36034073037161035 0.2222134578741819 
0.6636944685715511 0.03308345190190903 
0.023840414099401852 0.09945130627838722 
0.6499251007039182 0.18642749918046675 
0.8646729594447995 0.11271689233569077 
0.9886399435254719 0.36810093977238767 
0.6900649903607137 0.055578111968100474 
0.9122788677587591 0.8327110292467735 
0.696919084704331 0.721761792648925 
0.859894315522771 0.906136284472273 
0.5298667988860222 0.8334159997862527 
0.5068500959803662 0.1798951522889758 
0.2736775953044015 0.358343683081612 
0.2008043332686138 0.04920649273569444 
0.8305995036291478 0.7399692821637766 
0.8533924830049441 0.6784579685381555 
0.2305889619692188 0.46301715650616493 
0.03942367899451921 0.4041886768333194 
0.288481582911543 0.1077498349764604 
0.14625926600473538 0.270327892749363 
0.7697782115151144 0.5153231803588064 
0.14117324423240663 0.8858196517393297 
0.5620334714787983 0.9848866100742859 
0.5616754206424256 0.28239084485633054 
0.259746676411443 0.6388697560297961 
0.3116382993656658 0.4410845746798872 
0.1374436988830673 0.8061123926708136 
0.7430417027263454 0.24277127898509143 
0.2908484195520068 0.2567682154997366 
0.08166850522649621 0.9027504066712659 
0.05580364814494909 0.35432965947169703 
0.17771933534439693 0.7478285725507562 
0.7221706044384234 0.6240984679721013 
0.8285004008734013 0.25897059704239955 
0.07897509088719806 0.5809774755182595 
0.6726281650749767 0.012999209477945473 
0.646780430173007 0.20469116978087232 
0.3215946216732325 0.17480088386696396 
0.44716533655292534 0.4236214368332176 
0.14592066007457416 0.48328731007932174 
0.4467803565223682 0.4826234560131269 
0.04140828754196241 0.9204559671731577 
0.3423512613542973 0.35213856783973785 
0.6881034007635529 0.7772340975451244 
0.8078316669982331 0.9790176404305373 
0.8374229816495309 0.19356972536704514 
0.6933258852914111 0.8135526640903084 
0.7102938570135509 0.7943638435507495 
0.8724870236657427 0.59127297549513 
0.5610874414612854 0.24871010577986102 
0.8547104119180631 0.3309459310731084 
0.6606371397198253 0.9612383736072236 
0.56931484819365 0.4358178680635836 
0.4179929395681612 0.6458876235828533 
0.37008999580735946 0.6391627161124164 
0.3583833060322696 0.06013760261268958 
0.1575219865659353 0.8416819634031358 
0.07717387620591204 0.25062861766468475 
0.7616019201775415 0.46267075184969175 
0.3717631250572312 0.9161228672268314 
0.20348062557233149 0.44850595902328844 
0.8427840387946577 0.6379043659486243 
0.7283084747000871 0.5431774377009307 
0.329325728785097 0.662566690947201 
0.9269859444573254 0.027488691449905844 
0.458140033443485 0.3381587467114218 
0.010854009194171454 0.7065160628185307 
0.45514496802414006 0.991686650907809 
0.13764017841218212 0.9970691947898569 
0.3195063959533446 0.30716156100231207 
0.5543138803360876 0.31315360193710373 
0.6948757780017247 0.47064690070742554 
0.7901200703946901 0.28917898014886934 
0.6348509717045704 0.49744006775890165 
0.5417937245359148 0.8104838483424367 
0.18523249260719032 0.6043221990272866 
0.3369935424212218 0.9256957112628064 
0.02009601616812151 0.645188833638639 
0.086267059094569 0.9656997564963048 
0.8900791890908244 0.56926544874441 
0.2648681356626304 0.7448623416150796 
0.07332735967324933 0.7662242094149825 
0.3234168191225989 0.8297519103805955 
0.6876182949459664 0.5304086167105794 
0.9812676581302852 0.6517928390499442 
0.2427352088018333 0.4889047250465505 
0.48135005499976513 0.08168991257390684 
0.2300384509402706 0.5100951773202915 
0.8675930165838514 0.23860870214823698 
0.9921244135201255 0.6845324351961861 
0.5072012423983647 0.680729451812531 
0.1980516651474622 0.0046544369351126935 
0.7036086128294421 0.34485025778314193 
0.061902905616370296 0.8051463168610971 
0.2697779103241041 0.1895792167215895 
0.7074192773635393 0.09189042814248649 
0.21830982320857983 0.8752248373770894 
0.43886665699191685 0.9383063815625845 
0.15450210365971473 0.02650845038260885 
0.5103062121765378 0.8110361364387753 
0.2952669681483773 0.35349681224405927 
0.9590085234532905 0.189102507574543 
0.9037036827016725 0.9198122596717463 
0.3082471750683962 0.912450880980336 
0.6140925747127256 0.10165334833215894 
0.46506615219831887 0.7117529977029271 
0.6293305269744747 0.06204761916445467 
0.919734561978544 0.12313068220335344 
0.2936681283629555 0.8463325339202532 
0.9146076902080728 0.22110836798091482 
0.0915662640663174 0.8445379509582919 
0.1679827549027943 0.1749651283050212 
0.5838200568015054 0.25425237972861514 
0.8181642881009976 0.8332690085239833 
0.9751011247884067 0.28878042860824094 
0.7927057454910986 0.36804596137293055 
0.9378907589564758 0.9619711817302328 
0.11902820097723898 0.47289452795595216 
0.33393576302968087 0.040495848023176295 
0.22180681681086284 0.14578954649942055 
0.5902917545883275 0.22752652723034872 
0.9475014308769911 0.38970974812945636 
0.5129970456510411 0.6547503955575685 
0.33721444857662597 0.9024481718504238 
0.7038503336453971 0.028857075246928987 
0.3549607677319594 0.13367191208139972 
0.37066287707657486 0.9941062585021714 
0.5681603673524167 0.7063780543096041 
0.1253481821411468 0.1655973146204111 
0.06567479580792818 0.04930948897077614 
0.79719945228939 0.8265139351826275 
0.9915793669998509 0.23588929622214483 
0.8706993375225958 0.643059025137565 
0.15074715425518992 0.6541829702582757 
0.6899008150439744 0.2902501290097268 
0.9814095486680532 0.7431542530749505 
0.5972998899988291 0.30577956074646107 
0.30731270773813907 0.22405240203407661 
0.5950857472766393 0.8171898198967671 
0.5277919569020297 0.5989086486836419 
0.5944300323536768 0.8596979509236506 
0.10206087314209067 0.8990969168012872 
0.46883600975855494 0.28730629686839504 
0.34690384093755117 0.7501794126404677 
0.22473584371382 0.7157264923560013 
0.8929876327133655 0.8770679904982931 
0.8832150037765252 0.6987347699591531 
0.6945386833741757 0.8498694135036091 
0.3389716794188449 0.06932300158279753 
0.7873215918769094 0.1920727108693176 
0.213782119638174 0.5503963434869029 
0.4958880748351505 0.27076119325804354 
0.9604911644465763 0.9179247192950215 
0.5648194293726218 0.7779070158495233 
0.3682915283512611 0.7243651178638019 
0.006826480789442313 0.11038238236672104 
0.9183684673785517 0.6459274636299188 
0.25320886340674686 0.21811463113062912 
0.5564294852789035 0.6441753085192341 
0.5791688410279373 0.4044711904372482 
0.4998078892738087 0.5888326786356834 
0.1485018508934497 0.25001030488450626 
0.03784404554904258 0.5930255675139114 
0.8084640443618307 0.22430667443158747 
0.48697421936929214 0.7347030473193304 
0.25105108098588946 0.27418703470081895 
0.9686855282356209 0.5279312819091363 
0.8683142769396317 0.38377165632198074 
0.02059397773418864 0.4124008137829056 
0.7133088491506789 0.13553617768417486 
0.20125430013114154 0.26061546908906796 
0.35362958210549056 0.40460415503284985 
0.15095232369581285 0.9397026914007325 
0.15903013268476324 0.8657841708771234 
0.29979017205169106 0.041605941098632804 
0.9371579281398531 0.5356012195089901 
0.9275651009061089 0.250015037598121 
0.44270904262703187 0.8431202748052603 
0.9907967532514099 0.009622590586443658 
0.11978620121803968 0.4285894811131694 
0.4837992417674373 0.8280409767446187 
0.7045680314061619 0.3965536434524263 
0.3470957225234066 0.5604120467040066 
0.3624074159545816 0.8277958881947252 
0.2764357950421491 0.4421067760881054 
0.09352742600623748 0.6751602648591422 
0.4358088423328772 0.13715832308299747 
0.2536968050035011 0.8611111931451877 
0.43869925703447926 0.8102988270345085 
0.9568498509763788 0.15869399984876087 
0.18746539414559016 0.6726233387164138 
0.42055266350039855 0.360314938142429 
0.40595058392139916 0.29176932127624355 
0.9157616237695536 0.9633970971866657 
0.7091971713142833 0.22127431300105949 
0.4441967916075045 0.9071862945899977 
0.20487623339233196 0.48319056533758675 
0.2867539547056359 0.5129872545387623 
0.15546675627310846 0.8063923523559197 
0.5441684989461344 0.03755252395720393 
0.3351034832212653 0.6257922776137459 
0.5367384921332956 0.3255878015376983 
0.4598874370206998 0.6898388219433209 
0.5989464302414019 0.6524017384317715 
0.4102386522965489 0.45217939819838027 
0.62848929511254 0.8896634931463165 
0.7161084322371376 0.4906921239639059 
0.29933953974914074 0.27752401814268046 
0.978458063530642 0.4445107410847985 
0.7158307333541987 0.270339907414139 
0.7402729236563415 0.8645193789673931 
0.08151069808868577 0.8197721878562018 
0.3190924902542823 0.7502136690192196 
0.12723779727427503 0.9026885581052564 
0.47365354079994054 0.9287319780405485 
0.4833394003371796 0.7920022518484731 
0.7278619775077184 0.049757413199786604 
0.44128035717169223 0.6629129114244414 
0.6268917008423796 0.2878122448965721 
0.866196637541931 0.7365025670099973 
0.38926122138591307 0.8917147560835789 
0.93504822183776 0.08966508057160183 
0.4860210146285997 0.44905521067708026 
0.10165370167135585 0.2710514531555509 
0.9588121727878582 0.6812357677807661 
0.9938866269240396 0.8261987211423675 
0.49893863562232466 0.15018296351476235 
0.569858279759421 0.6066423778444137 
0.04344725898266383 0.4699033156491595 
0.7267241912930724 0.6607938411396693 
0.5717100181158157 0.5398973622338121 
0.841742694259008 0.6111438991586082 
0.40703785295880246 0.21329657634987909 
0.6530833516201022 0.77112682919998 
0.9886944371085657 0.11018120231374418 
0.8287204689634011 0.40911997785081383 
0.49238009708182107 0.317532878771048 
0.37826367408846046 0.055354208024090024 
0.2519185407815188 0.39691295655004577 
0.18826043681100285 0.9397187326445529 
0.6533873292779604 0.4806931301877502 
0.018720291761293306 0.23955021900876877 
0.6048591779813591 0.48708501856050973 
0.1331723678014166 0.9452779911699858 
0.4884995197466 0.4731690019131047 
0.8346562095948544 0.4614489042051835 
0.8064290571185548 0.10163631101337844 
0.7662793348013697 0.31788045173101026 
0.39052396971509534 0.7120040468792109 
0.5219170733567902 0.5500375053604665 
0.5526123803643344 0.3488369411293202 
0.6121475282834464 0.7826902665246422 
0.4704334106496793 0.42165680680837536 
0.6641671393572316 0.9889040782675135 
0.6614428582243731 0.5111442709610312 
0.14561559905912308 0.3990979676538181 
0.42002995817404504 0.48448342912975184 
0.8152242501903209 0.5344825832644051 
0.0918968949847308 0.3961033363990354 
0.8420983709184184 0.06669256062459217 
0.41033823819903725 0.9800840927448335 
0.11968448274474863 0.8584479421672091 
0.21786709194381682 0.7474246554513762 
0.3855652026913852 0.3182936168460826 
0.9311209768832016 0.5999710622771532 
0.8941890266226636 0.43203474519813334 
0.6729181806998357 0.9286239940534449 
0.975544774264556 0.1572437480244374 
0.1597814009418559 0.5121911060353549 
0.6002920691033573 0.4015137624269009 
0.8670491150998545 0.0021370933346124277 
0.7544197989024222 0.6386087605539692 
0.42159556278650273 0.4299200289328229 
0.27595852478410987 0.333404933165683 
0.6829099919480847 0.19416266267533017 
0.37497777892218886 0.010504346664023778 
0.9651926225154457 0.8997032949589658 
0.8423330345271425 0.23256016267902468 
0.037040789047956824 0.21849286748179064 
0.22779903813432512 0.5651151548155552 
0.7388597389750655 0.7244853459706585 
0.6137145404503406 0.6265467017707715 
0.6111599838028569 0.7142155793258727 
0.7760416436671862 0.5554904164429492 
0.6786435217237259 0.5839279588204526 
0.20105841362393556 0.7911968180434306 
0.5737176828961804 0.19546436248304505 
0.22383555401194988 0.3750209151150965 
0.2542157154036111 0.043691705678329806 
0.039458998185183836 0.3627823345493589 
0.051617965472406935 0.10284947646604142 
0.5411463896919964 0.1999800546980851 
0.645823773869218 0.5223178969294634 
0.14032300379180151 0.447129049472112 
0.46469769968110924 0.9705232005644618 
0.2454642771023327 0.7487253689504506 
0.9289914605110062 0.8868980759502525 
0.18848497767260858 0.33381790933596556 
0.7926580179247968 0.038232212610392835 
0.3607207637269466 0.5780520081612941 
0.5920354843738509 0.10189631025658308 
0.7938319095533759 0.4623760320383757 
0.901983401976016 0.08571810681739195 
0.7181256607194277 0.9929882887793231 
0.7695415390935758 0.13665815932662417 
0.21068964049053956 0.5791716540349057 
0.3642902220408124 0.3768283813697759 
0.5759550988345664 0.6285058101681987 
0.39275246998041724 0.5215621766339911 
0.6342037693892053 0.9754187726036834 
0.07733847469377869 0.07119662520984471 
