0.5806857147776193 0.7818318924041385 
0.47026872146649645 0.03802220869500422 
0.2174195508593702 0.6558603665409863 
0.8763458576942121 0.2870859704734773 
0.1430724019431407 0.09817131576424903 
0.8762018539223655 0.6719591216767996 
0.5631188833502174 0.36458038668499027 
0.2723004046906021 0.9741806503631637 
0.12328055056466669 0.3579684688778363 
0.8343339125378224 0.8889206390879811 
0.6996892991346905 0.13208415653455363 
0.5649926238795616 0.5641843319963195 
0.06273613749364992 0.7964541890722359 
0.3687766724616749 0.18982359207810795 
0.9055390890962656 0.05881764883145185 
0.7485356109664653 0.4948057193822076 
0.5074228350208653 0.8800203028124496 
0.2687728160321807 0.4277809704613696 
0.3945459215743818 0.6741946986032544 
0.1544384037006752 0.5152839946041246 
0.9123164716287591 0.42504156602807763 
0.7244885578733602 0.7091293033326613 
0.5393082323747501 0.17677292410657258 
0.683302451987984 0.9938011732544104 
0.31321139305930146 0.8399398261120727 
0.38132426704021893 0.5552983313176458 
0.06831206045774724 0.9359029815244664 
0.7725996893333531 0.3320367468356329 
0.9308294464215637 0.8656137733256535 
0.07448305120914445 0.2409981867834144 
0.9090749951695569 0.5779112309717028 
0.2853239444316018 0.11248750418208953 
0.0051919125850812264 0.6511142325368462 
0.6865989247529358 0.26793490338413684 
0.4144584801416579 0.2988215542003431 
0.2995399256397506 0.23204758675999854 
0.8468748933474417 0.15422323890616063 
0.6089691340359487 0.004166500215417535 
0.19110419015304098 0.7939337771144739 
0.6597000799821113 0.9252096840466331 
0.49634178025103914 0.7332442378519343 
0.41700473434428853 0.48047452816973496 
0.986587062336217 0.27491065840165285 
0.39695076092555404 0.9890462359446329 
0.029334670551142583 0.059517263803027964 
0.032719278693952136 0.5264995562128602 
0.24084841467729262 0.3327884051334352 
0.6057521770799686 0.45044065492576296 
0.7270118038907545 0.05230107402833539 
0.7078773173485505 0.5494186730124515 
0.9196679504712792 0.8314932121847709 
0.725123049836427 0.8563126461049666 
0.15169821513429144 0.23861069356428222 
0.23812324781954852 0.5650850060305466 
0.9781081146373463 0.9924452693481115 
0.19994350211659984 0.8902239888012731 
0.9670070942625637 0.16583847078395758 
0.10806927977205638 0.6360469001142947 
0.31625454207080417 0.7552877806434916 
0.431017005217712 0.8329588637903524 
0.6382907026297366 0.6739916235955887 
0.3596756325696431 0.006953957762704466 
0.4637620326665495 0.6520737531503255 
0.8445549672180481 0.49533644016523276 
0.5665295159311535 0.9336446227116793 
0.41031063387277383 0.11707469987056635 
0.9829094569896277 0.7228559558674624 
0.8518258856667417 0.7962134262861089 
0.34164095750463463 0.42058906468255775 
0.5516283049766562 0.29008823389629695 
0.751611592892025 0.9398882152044674 
0.6504236113918074 0.36292680736806837 
0.05329424767069302 0.4442895052356607 
0.7997539334257386 0.4086712236372102 
0.47186529568048474 0.937173222789563 
0.746355687997175 0.6100534622989301 
0.9898533813906258 0.4930718114673457 
0.032954109997273995 0.15971968188747176 
0.31331390524657576 0.644001878163398 
0.49613223317279853 0.49571585138835417 
0.1476904724436865 0.9469223610965036 
0.593309241419364 0.09250001201471925 
0.8286252482569058 0.22852381562845475 
0.013310793046176606 0.34285006203133994 
0.8895299546711214 0.9636868312890456 
0.7910925538502613 0.019459934852125382 
0.23725132303514462 0.19917954598512266 
0.6054906015849075 0.24874625294545 
0.183836709798054 0.06695050992474899 
0.18208661619702438 0.4286588532342786 
0.4403355920883839 0.42646084871476586 
0.730478350981304 0.41038129736302287 
0.9718619945104408 0.34262679930728523 
0.28756508786538315 0.5362887374701273 
0.37073683009650066 0.9084799247969637 
0.4344926822601066 0.19282352445149303 
0.17582519538404406 0.721707645500674 
0.9699049385847396 0.6442382986557267 
0.33163047907625437 0.3033665364811593 
0.85986133149377 0.3479981190670403 
0.6592179443077824 0.6164850969494885 
0.6566783503616012 0.7789678453402373 
0.9673550770109456 0.10098416220739942 
0.5527760311024127 0.646220601607561 
0.2299534985013773 0.04636519290657348 
0.7641304821747317 0.2309529738383953 
0.8044683393807115 0.7071552367568457 
0.010902687659573418 0.8620140885761708 
0.06323296506555848 0.7111680286916396 
0.09554480789601005 0.011460396204390766 
0.6667838981541299 0.1927772487228776 
0.9147753110618515 0.7471019694380697 
0.45478777853351443 0.3964700570267076 
0.8331663379936126 0.5767975898304083 
0.6519679101140577 0.5226564508674698 
0.12170958455634018 0.17222821913424835 
0.3844703097121651 0.7499834988057479 
0.8270113547933182 0.9510019534143872 
0.45773747675861204 0.5479987692654981 
0.9840400617757894 0.9175480166509165 
0.48999489498632126 0.13300622684090585 
0.7648953683732138 0.7876162472209052 
0.9470070764711188 0.5343576788102578 
0.5614892747527206 0.6984153950568529 
0.9348543650281497 0.7911651113973441 
0.09822304790021635 0.7860106677967249 
0.5595059148479471 0.8419667396279787 
0.5028047708608866 0.24765044392748647 
0.7745032413290164 0.12748136371890384 
0.26831685453158327 0.7946941987113642 
0.4266147860609624 0.045257749368450784 
0.18249391733928821 0.15625296337507533 
0.13005617584607582 0.8703343257633244 
0.9327818993106161 0.22908533534153708 
0.6287713292573608 0.8269062201325251 
0.09345682612211403 0.9911667719463897 
0.0901803532354874 0.31185975230576723 
0.23040517281141487 0.27096335437353825 
0.11030206235082501 0.5956302116212159 
0.9923453870737391 0.055957844590394934 
0.3725635206196745 0.6124538178554126 
0.12438985553553661 0.46034181006188085 
0.26064326650273384 0.8761948133546674 
0.5432470624338228 0.01969956344616136 
0.18262427727275532 0.6139666456262239 
0.8552865028346237 0.04592092014994653 
0.6384830197589948 0.13288457324139058 
0.3156956706415559 0.06379385072137927 
0.43564904083648465 0.7819632645116156 
0.040289669164756514 0.6191800575509507 
0.2897167143025918 0.6862736589701195 
0.2058529543381708 0.47463507377915115 
0.5497107619610992 0.9910248687216736 
0.4447493437290411 0.3444517323067178 
0.5572107898290259 0.4853590256557415 
0.8371189881237748 0.6400999560644469 
0.19420887350500193 0.3128697328125162 
0.7039198128924162 0.3489100250989136 
0.4023055426128008 0.38060672286254077 
0.6289129452590666 0.1743657948102325 
0.3660492956879604 0.49860780611521416 
0.6041357671945248 0.315302359954506 
0.6692316641613505 0.02672929196050111 
0.9004128703667635 0.14884404421942626 
0.26586835690562716 0.7478374354326149 
0.3227725432848599 0.9531876463565909 
0.38093549132252913 0.2724023597055132 
0.6800688030573533 0.4895504879964033 
0.5246437878529272 0.3268312864322532 
0.5137078484321059 0.5842576255064651 
0.18960380769535706 0.9685118657291837 
0.5113774224046241 0.7928793742725759 
0.7908208561073916 0.8328469923664757 
0.22961110328091966 0.12784762953405193 
0.004370852802297709 0.26345625358235075 
0.6069663845314102 0.8809815196871426 
0.34324015917709894 0.36455809053775323 
0.7608337506164783 0.2741819764862645 
0.08633471242022706 0.39915355388500107 
0.08131508617478295 0.512543613601791 
0.03768863052787563 0.7532514864433775 
0.5483633930538201 0.12470324259330434 
0.8906507510282683 0.5098170340757197 
0.5047755061337393 0.3804918396680387 
0.6080688865252526 0.9617280826391388 
0.899048307598349 0.3271914304531634 
0.3343031177256287 0.1340720498710687 
0.42570662436872664 0.8934713148894147 
0.8294658629775793 0.4320085614611739 
0.6776681867611506 0.6791663506320926 
0.014921357337115526 0.9697370798137784 
0.9897805386901087 0.7990757487107383 
0.33200633295587423 0.5655917013685673 
0.008423532317724247 0.0053723659507683985 
0.8182798077481656 0.30320526230275147 
0.2897650694013971 0.4763981990167296 
0.28462223206485426 0.022613001825179002 
0.2694083620919383 0.628255636629804 
0.5045992220674362 0.42925583290106234 
0.6998354203449437 0.7543664998717893 
0.9744397308466731 0.5896322374559275 
0.7905951193072783 0.6432865248337486 
0.15073052387043162 0.01061804530032684 
0.9471276796220118 0.6904942259963307 
0.6665595079495197 0.4573473580493504 
0.2838629895575606 0.16460358595045727 
0.5053382246930969 0.9416605476072262 
0.3568332304413939 0.8571377994632107 
0.4655323217450656 0.7486808606919074 
0.7636290846688276 0.5307482165026054 
0.7212489942524143 0.9598405465783759 
0.12344187053305622 0.6944734208575903 
0.5463920231114898 0.23812576588619444 
0.3608011979695258 0.7354114993177501 
0.9169406279624845 0.6335907604877187 
0.5993452553565854 0.6259243533636761 
0.9924711169348408 0.4447655570302352 
0.9953155843692516 0.2235080609119831 
0.37294942739549725 0.06794606167713452 
0.6976799432233209 0.3172769944290098 
0.6200517236565445 0.4899561960354176 
0.6568825602542284 0.08535556218408413 
0.03945338802024706 0.13692820486607626 
0.7909733174683615 0.08521853966843163 
0.931548511230855 0.37475429000652677 
0.8630877106389239 0.10463970152358482 
0.45836384820541864 0.6936282361549074 
0.036880179320313566 0.3828163049040846 
0.22753912034624058 0.38323129832263414 
0.8709008092897292 0.8632212093402308 
0.4443721944559456 0.6172436205087842 
0.7147196441429831 0.660052158583833 
0.08182898815537026 0.8845227399219877 
0.23871484880818267 0.8472409499066779 
0.05215897464509006 0.28084495916976493 
0.21367444066942176 0.6810127977621704 
0.27548891056696745 0.40630165911233307 
0.09634681614117363 0.08601638533575001 
0.8974547425631471 0.18472196953515674 
0.258188282655325 0.9298468367966468 
0.35355078508082594 0.7939940505506551 
0.3409342649497755 0.6794575112711198 
0.7383356283412165 0.17327827929962192 
0.5874111720564241 0.720277130298749 
0.801456384299772 0.1795719456413426 
0.502834013751905 0.07204463309643472 
0.23250358190247117 0.2273672962434145 
0.48399074136730513 0.1987676727306984 
0.04608287978767095 0.19502978846496216 
0.6986122018034959 0.8763818558980194 
0.8068114723620696 0.7777157072691976 
0.9502273674681414 0.03578701205595186 
0.896760327158267 0.7796263746105601 
0.6347838982088109 0.31286581323948603 
0.68842316259169 0.8107646384951658 
0.5733813869606559 0.2030044145376112 
0.8202483963359528 0.9788004509218345 
0.14544656962610597 0.7676936589943539 
0.3130361215258904 0.8945297525555869 
0.28321133044029845 0.5840710287137822 
0.015144758163529837 0.5775653425604548 
0.6475978870011658 0.5630338719114506 
0.5066913957672973 0.690059511504364 
0.48215723307225444 0.3057622117518558 
0.44941603557306153 0.9638608829994976 
0.1560910038179446 0.8034116487013183 
0.6237922206248834 0.7489443340149704 
0.19907996774766695 0.5835384235312862 
0.40556335370095753 0.2322980068091795 
0.06868119163489605 0.3574500380209359 
0.5668174215212376 0.4150749720320986 
0.18264972432734594 0.29124393450061975 
0.9176335689477173 0.48741847539064637 
0.9508726776293117 0.42428675526388115 
0.034698703598817215 0.8162344805129952 
0.10344783911160138 0.740482050471751 
0.23482288194368672 0.10409671027745188 
0.07461118172407427 0.16664305313540667 
0.33249525285996095 0.19362445331355904 
0.21711255355863196 0.7581282580430112 
0.25346057077541984 0.29364400312610617 
0.6155459360293998 0.38847148966604506 
0.8002489199176253 0.9032840699027084 
0.083863474844032 0.6724683962469117 
0.865991107574037 0.7305115801044048 
0.2038193718110502 0.49767321474140136 
0.4417599520623811 0.094880334692996 
0.8200040119159168 0.855588782154001 
0.1332413854357814 0.926713084720322 
0.16428739619694321 0.6621862394495014 
0.8005966710201151 0.4595052848557757 
0.05705822477647715 0.4777666323813933 
0.7931753403042323 0.5612774082170482 
0.945865251015019 0.3203925337096866 
0.2886829763482896 0.348709804356416 
0.021276947055851203 0.7002658076506234 
0.3526773962323699 0.45862795053994676 
0.1797482009611428 0.3835935429848425 
0.986148037934543 0.8714050894220999 
0.22492034437633746 0.6130881490135218 
0.9096380849836789 0.9085489795409686 
0.4414146933952854 0.27098549192459254 
0.4600104425192025 0.2181504202396617 
0.4652531635363048 0.5722376737697328 
0.824458828955611 0.36210428642905 
0.5693413230966953 0.5325692408512359 
0.47702831366465315 0.8529901414277596 
0.7127094787318916 0.23624192977084657 
0.9227820435809153 0.10270771373405024 
0.08708289196688218 0.8330840533751738 
0.7383556591272284 0.9929467689520404 
0.7378557641972079 0.44455565225974275 
0.19587471938736378 0.01304018302503801 
0.36619681084419875 0.8183347004505723 
0.1506692788210569 0.29061690808535345 
0.8344330091538478 0.020064854095105555 
0.5158779455464936 0.5418681174726846 
0.1812657535703539 0.9288366346372721 
0.057646885386259894 0.03524801945615674 
0.17221977997578553 0.19216092717311267 
0.6171887482670191 0.6359449766989969 
0.8588141628372676 0.38475265968496397 
0.945876057370619 0.9170050410939402 
0.8755062811832348 0.2095084315513434 
0.7454599884258422 0.027785099615876163 
0.839037527342015 0.5231931216711432 
0.2543459243920476 0.5058904564557775 
0.12149393083162974 0.9807662451208058 
0.6494586980675567 0.23266987907973402 
0.7225094056009268 0.9149294548869684 
0.8817306263236595 0.4442728655746672 
0.052901090896605885 0.591163709343639 
0.18180557284496168 0.46314651792180583 
0.5448739982448829 0.7398723408727972 
0.13888687678546563 0.32213089695975233 
0.8655254565618336 0.9512350073580789 
0.5645890453833312 0.8889971592692509 
0.6754816238291852 0.38363785127426286 
0.003243342028766749 0.9149468210920004 
0.5947120886218158 0.5690501214076074 
0.8153229436245456 0.6608771936644865 
0.3796472645010464 0.9275238758449569 
0.013380850317472492 0.4508440897451794 
0.012482080253301164 0.3117854968789681 
0.13658413005590841 0.05484460715302791 
0.08655045673657824 0.20477655676020762 
0.35142438383551605 0.24431058027515817 
0.05594539436315571 0.9773641356893114 
0.19406960096774034 0.8447214519514362 
0.43058009697387434 0.726513129999278 
0.978663329865264 0.12665277285259324 
0.22500204672326674 0.4399295274798456 
0.469717621098973 0.9840901513961053 
0.28526847631047647 0.832494509942431 
0.3863462056309345 0.4212130836633505 
0.7916844831384919 0.26404010252272814 
0.7049006129484419 0.08548008238640109 
0.4459618117297505 0.4930166053788818 
0.6372146778125285 0.8655207827531453 
0.3952399101522145 0.15600111296718444 
0.09030376350144614 0.4645167236805084 
0.4470020949528014 0.1626861172467126 
0.8056281190376338 0.05545288710810664 
0.7123380679122457 0.8208131393392617 
0.6576741103233188 0.4241446057614497 
0.763731982280642 0.38913673611572014 
0.07730326357796685 0.12270390376418527 
0.6423740678405673 0.9692232331683253 
0.7133795719080906 0.014327791655634636 
0.9799019812406693 0.7513144319219043 
0.7197896232186608 0.6030896815121466 
0.5143831332400917 0.6127550628017855 
0.42030763511487157 0.5341281044816494 
0.784384432276706 0.6934471684079575 
0.40999325558647626 0.5678121193251314 
0.5469973756726039 0.09930976991720619 
0.4832428614397313 0.816443951549483 
0.16342931066251576 0.13152034950760005 
0.5611436447927204 0.16173155830785463 
0.9263559803755618 0.008618443416849753 
0.33624132655878697 0.9908505444340595 
0.3201820165573617 0.5239588271083114 
0.36454528051437285 0.33980601715089487 
0.8970212161823021 0.6894313649120534 
0.02614639537995267 0.2434269968231343 
0.7202100394680879 0.7654297859891706 
0.7546416143081389 0.8322265462205114 
0.32123559109897215 0.10727654105265727 
0.7954772932407747 0.5056255842831164 
0.9333933690277041 0.28849802844394323 
0.7240521209211648 0.2791141494233771 
0.05976641535155153 0.8620107864112595 
0.6974769571730218 0.7237938634204046 
0.3031890862201956 0.28016544759967615 
0.35285372931323045 0.6413994958422891 
0.7323137393165147 0.10034895900920626 
0.22090996584921307 0.7934459260520823 
0.9644771081803967 0.46553015763082817 
0.7672496496440576 0.744174031782564 
0.044032250331696166 0.6529681669779145 
0.5816727509553796 0.054152222575063746 
0.4077201030910158 0.6512421646493276 
0.9042252231117931 0.6510986904172333 
0.5054099092176533 0.6530949410159317 
0.8598132707736531 0.5317040227979206 
0.39051047656474547 0.010239326108898383 
0.8403406099960263 0.7276799362300279 
0.9457167589074733 0.9543358030468432 
0.27427077677436396 0.2025500771811199 
0.7694756488784582 0.9638519250755023 
0.0466406164915259 0.41535431448064747 
0.5195133623117296 0.35216412316846757 
0.7609461791536154 0.07087417969734217 
0.8669870480379688 0.5744648990728105 
0.7642858601262872 0.16811669051103645 
0.903345721406171 0.2606751393962863 
0.23981217620082795 0.7283021770058693 
0.17584282073675672 0.2479980064108228 
0.9387023288629506 0.9924730501443064 
0.12410170182957175 0.4987989006451779 
0.37980151326434364 0.7690082219385256 
0.03684600597693605 0.015369326873265143 
0.561397147561271 0.6668454749841354 
0.1175660061278816 0.21347996896841143 
0.6710217375146674 0.3326217262554015 
0.6729555042720448 0.6520884243787077 
0.676103489941414 0.8956734972638807 
0.6182813245412213 0.4123668323674776 
0.025343294476386724 0.09920932683094164 
0.11701319618006267 0.5292224109852973 
0.9562051341985662 0.8454891734841354 
0.4820667653637595 0.00812996020982304 
0.5668339350642755 0.6215852937723998 
0.27145739438849503 0.08246204248155398 
0.8907016532957895 0.843155554753821 
0.7697352106415833 0.5854376485604225 
0.8515440930701574 0.9974111088077371 
0.08275007612285346 0.9511241551276821 
0.5242554333030188 0.5101451974100462 
0.9328782349433179 0.14406264819404468 
0.5392812984945187 0.8430547091006996 
0.9768567325732933 0.2020919794548694 
0.1634710229245928 0.3561265794743499 
0.4300173553800746 0.8622605178923113 
0.3136394013463422 0.44581676224232814 
0.5084580900030151 0.9698459439596957 
0.15338365577735835 0.5882117577187929 
0.9641242837748761 0.5464338613323656 
0.21978208135301713 0.590997984079581 
0.16575011732356804 0.8931795974926653 
0.20929268021459796 0.14489712343812422 
0.06832382031434808 0.3160741939023253 
0.13656719171249188 0.39326550806479293 
0.590790207122082 0.44424277050246164 
0.4842672097564552 0.9094680091677542 
0.6422950982673024 0.0631777320080592 
0.8371601685061785 0.25570558463337417 
0.6828226163753749 0.41512453961203294 
0.6869843506104499 0.07175932529790902 
0.36244135960877016 0.9760843738907133 
0.27707306859826764 0.24250345970580067 
0.7284957783649926 0.3461656392678585 
0.811938316067764 0.39279545367735763 
0.6188456602736578 0.7881953182500689 
0.03741202440957131 0.8737129607781147 
0.01349338106635073 0.7927162785037514 
0.6560978185736805 0.9501298219265832 
0.5992823002556565 0.4964973447879393 
0.5760691932575572 0.82279155876506 
0.309252647381867 0.7057637876417268 
0.3846490233659443 0.6931527209234851 
0.9673378579662457 0.012677568261966976 
0.2612947286162024 0.3675389208742986 
0.8868267340771493 0.415926711802894 
0.5528385994120701 0.9096730017823091 
0.6113452843870285 0.5480160204033084 
0.5233581072809563 0.3685101921289508 
0.5361243431592353 0.7979669801827953 
0.611584591200558 0.21187315113293825 
0.16816935083693996 0.49545808325678475 
0.42012578294246833 0.06314709430542459 
0.36615933149384183 0.11215380485265053 
0.4334567738468662 0.9266155838365233 
0.6612531957264773 0.5483504306369406 
0.5819823795430764 0.12340258711002139 
0.745465945658375 0.9014312476785356 
0.38079828154307016 0.7895408500825609 
0.18453492268756777 0.983466847599785 
0.7539021423803798 0.29730709608733985 
0.5760439578663714 0.2752716044079174 
0.6894097511592235 0.8521661204527045 
0.433318948445946 0.6013654914756097 
0.8497565788517109 0.9064670844990677 
0.6753245823245047 0.1685568614037794 
0.40176462377860445 0.33338416705495866 
0.5859836939012125 0.36052390225224223 
0.9523611233627858 0.7676526352175872 
0.7044570736380256 0.6343521220702234 
0.628329731772083 0.7274820038622263 
0.23160261511885927 0.9507281025309158 
0.17279132317094598 0.7659218632863407 
0.500555435585579 0.4566430833156611 
0.6328226869720445 0.9156984779273288 
0.3109286698408154 0.3892194728702358 
0.2733463353093849 0.942911575855953 
0.9853163639465576 0.6955260657704898 
0.007705792692346558 0.20576780186047766 
0.28661376361886637 0.8662714390279163 
0.352331693233512 0.5920584295182287 
0.6619568305123397 0.2786766598838289 
0.8850546095814067 0.8020323970435372 
0.18829849219571682 0.5393364520881413 
0.08641002922739222 0.42363222344460016 
0.4548258772872009 0.44622298294879614 
0.12044936110086252 0.6120639169049121 
0.3245387934967726 0.022743568403769954 
0.4054113460515997 0.8772801417581308 
0.8288298413360726 0.16773244379076135 
0.9236228598065129 0.200451157614988 
0.9721868562331594 0.36950909619000666 
0.9671952078938361 0.24377219947842282 
0.31289443594941746 0.15709851841642702 
0.1769739262466522 0.6936715666736903 
0.8175129932095206 0.7410077481849401 
0.35072505423514105 0.9210234313866925 
0.8017488972030905 0.13576498153329325 
0.804103770910376 0.8194357054061695 
0.9820770670660266 0.9728940915653235 
0.21149033653631666 0.08994777570739454 
0.8426112104594847 0.474668343606708 
0.5728310766096695 0.30595992980724007 
0.7840860675865621 0.36141080679088755 
0.2637439102036596 0.6723359485638625 
0.49644218718238947 0.09546476211539473 
0.22625239608714665 0.027734608627145996 
0.9377622555306574 0.49756701936438347 
0.8911771276748491 0.3762079141785544 
0.1255780546404992 0.282987480053262 
0.5658354955374334 0.6013458412675053 
0.8424347383073737 0.06765431932514343 
0.42992230916308033 0.9666040740413363 
0.9392089757488502 0.5785072332804504 
0.8860582064437225 0.0665422668066662 
0.7022018387878785 0.4752976803803409 
0.5211192082207795 0.028069336390628252 
0.13363233710032135 0.6380323359525879 
0.9470728366807011 0.615209143077855 
0.057811046713706626 0.08850348872255731 
0.6891822739336096 0.5876533793794105 
0.31248840579141557 0.3298140044315707 
0.2701624731448269 0.4781388930470579 
0.9628808667202939 0.0781122309962744 
0.8152056104540655 0.9271306788240368 
0.656765437102125 0.7256274148999862 
0.26242450409494067 0.5755025383680061 
0.09784662685999906 0.10449063468266412 
0.466243182438837 0.16159470686733796 
0.7204829415599446 0.5132305432378698 
0.07808415757903775 0.543100522078935 
0.5818315405825304 0.6511434681753772 
0.9541895707279446 0.6635850282836879 
0.6477720088727085 0.5964231280503325 
0.545982393355457 0.4494587223308668 
0.5216836093469222 0.04907361257158477 
0.42416980254201625 0.00996739423366344 
0.7968051423864865 0.3207930782617011 
0.8316686419963805 0.5423864546131005 
0.531809248574146 0.20273436072831275 
0.3171317807087075 0.7945641841871609 
0.743550815756911 0.5530165617504791 
0.23622137055742654 0.309174749292486 
0.8036164758329469 0.22417685335820697 
0.8841504944686787 0.2532238277711767 
0.5920623131475067 0.9771869466250095 
0.4759820231949905 0.34687501561658385 
0.8929600535388781 0.6271122695815041 
0.38882812194283334 0.4983226218329457 
0.5493342088305494 0.33232922271675475 
0.05797307530226331 0.7480915522981807 
0.13192784897439475 0.8287949861013396 
0.8560122638447963 0.17466440702125718 
0.6499148327889448 0.8216625658669918 
0.1047923235805609 0.23977754868639167 
0.42470305979617995 0.12369729828879394 
0.5654099519532894 0.0368631306198649 
0.5877221789749191 0.39541322484372526 
0.035127524525413234 0.4990511574576294 
0.9770182554620113 0.3017539552361096 
0.5364368944219197 0.9575456403116426 
0.23502470181844082 0.8966409470602732 
0.10186676589146221 0.9036324389366666 
0.1898389363642744 0.207515840649449 
0.29906722534998104 0.9620931855442645 
0.35018871877995 0.08846768464273458 
0.5375913445853476 0.763446514344643 
0.3468199005931354 0.5283157396116878 
0.8304333584959152 0.004131403073338591 
0.8016227879412923 0.623260838275717 
0.4435805672750381 0.6591263485302232 
0.19487834959697314 0.04157470751974113 
0.005837837671018531 0.16910659830047786 
0.5846426626069274 0.8640673324320765 
0.8486277032154983 0.41744121015767316 
0.2619777233886995 0.2650559925815143 
0.5913697778699599 0.6966710513106962 
0.9404061929497463 0.34254715231638944 
0.8617276785991119 0.7612872845197438 
0.28402998576737265 0.5627753568492591 
0.8635826946577261 0.679928717662956 
0.40656635963521653 0.4396545516897797 
0.9331259679389501 0.7273788668387101 
0.11632820580338166 0.05922579258741545 
0.7177300037867482 0.21140940607959224 
0.6742165000238824 0.9679870258414198 
0.0070066039673495895 0.5991768768263059 
0.2282702043535284 0.7754217631673603 
0.33408362189195123 0.719665111207884 
0.2570407616147109 0.8308652687466648 
0.8188670681556356 0.48343867092613074 
0.4859577282016682 0.5949065151886138 
0.9587192638555905 0.8844824565216924 
0.4884120747395323 0.5387317031288974 
0.7787057578163439 0.8692626844841548 
0.9203426641654961 0.45965963636462076 
0.6835754178308705 0.11920105708901546 
0.2224852269801439 0.34014910025067646 
0.016494175093742458 0.8837271930275434 
0.37735237670778576 0.37937960593534237 
0.8668228274256857 0.3298114524172491 
0.1415580182605114 0.1764103740163736 
0.19011293140479923 0.11221195281727653 
0.8607893083648495 0.6156114020771537 
0.5439746243959791 0.6842278694321288 
0.7752184712779413 0.7153073569081214 
0.2743455340958245 0.9103093604903607 
0.7188553862503599 0.2517948631522686 
0.39580800871351735 0.044250680704098655 
0.7216089402682755 0.7265783760795472 
0.23589546654359 0.97793151470123 
0.6148075831667379 0.07735814025677057 
0.332789198393315 0.2599050445011586 
0.11955859465645918 0.7708852903568908 
0.919447991097184 0.7015560544279155 
0.5655032260448195 0.3870025954209075 
0.3385816634474502 0.34184625123293766 
0.38332414653429536 0.2271006920843649 
0.07532868446836138 0.2605780364597678 
0.04377632152480743 0.23420726480507453 
0.6369899038107849 0.26748352552028326 
0.5091186303840225 0.9212699927669856 
0.47195077921533224 0.12367658041949015 
0.71017382403852 0.6974666787773829 
0.7096897950510787 0.9148896758856351 
0.5159569503906382 0.15802810507623638 
0.9318892974407871 0.26060579935652817 
0.697487680130719 0.5249043179786419 
0.5874279477052439 0.153122708526297 
0.4035906764481855 0.1862974421406553 
0.46765747174885625 0.4933653920582508 
0.03685433663774618 0.9283958975829024 
0.5695625732653951 0.2411371510478787 
0.6504785252173051 0.5053681013070452 
0.171216837419158 0.8554587785557759 
0.7946486583954482 0.6073734799328525 
0.4041350878116577 0.8352566151281091 
0.15545464029787864 0.448904336868691 
0.7363359482331848 0.7902997783020169 
0.7389573825574107 0.217033843590683 
0.6061771260378651 0.9360943334642658 
0.6390446162218857 0.456004796963297 
0.2569278636708823 0.31774984591964744 
0.32895380229299165 0.5944369018463695 
0.4707456515308368 0.0792199833154894 
0.24707787555052996 0.481474645106307 
0.8941729967302163 0.7460739039831513 
0.632466492958188 0.04170398124837482 
0.3290505181385706 0.48252894286003706 
0.7516530619633142 0.6402000073855916 
0.43661068236815576 0.7558467898526402 
0.7635933655101308 0.4586900233201618 
0.8235738420686702 0.3275484514116542 
0.29460944316598725 0.19494665678388173 
0.3965320292848178 0.920141276942446 
0.00779314638231593 0.02809681968016997 
0.4374145614353463 0.2898017633306278 
0.6078689573805105 0.7523016626009841 
0.8656319814111794 0.833671287665613 
0.782018076857614 0.03729990719361992 
0.8957990745937716 0.2123053813103637 
0.47773322767162807 0.7760398627212314 
0.7119852218246961 0.38199740442487123 
0.35748047613168293 0.7599731717950095 
0.07163436965933045 0.6305040734381165 
0.9002122004310823 0.9888097769243159 
0.12624448970919766 0.11736977573644591 
0.042581682407674626 0.5456878974300996 
0.8079132184676425 0.9598172662715024 
0.08379899430434384 0.7300376819001397 
0.7610878666226761 0.6806832520540029 
0.25218974730087057 0.7141289440139722 
0.1351376728386932 0.7516607334785366 
0.2676340520038799 0.061588800409906164 
0.9189785480943099 0.027764728730245825 
0.15004254927404198 0.2076219634167858 
0.15563088516348428 0.2620904825449567 
0.39464208545474916 0.5220669179464036 
0.881860266073865 0.09825779172024018 
0.3406025855765545 0.15799271805248144 
0.3040077390686431 0.006667652340330843 
0.3337769152854696 0.9375161288578882 
0.02012910358093195 0.41683195140921253 
0.46275706591745214 0.8137412864537064 
0.5426104678611329 0.597833380870834 
0.10531873804838832 0.8842589920674928 
0.3081780379161864 0.5449080474356864 
0.3618370112945012 0.28600572960725124 
0.9405329673713487 0.21311299519860394 
0.8986611076367272 0.5945728680766775 
0.9055063715808708 0.9446899901167383 
0.40809574242784663 0.6909117063758852 
0.43628176666863533 0.3156091188166965 
0.2698941941434989 0.12573121565326217 
0.053063159839149665 0.8953661233470882 
0.683515618016933 0.3619015015382093 
0.9956992477874937 0.5351407832915359 
0.39667937087299115 0.6114584618785022 
0.3755891986212463 0.4693286332036348 
0.6259759824132045 0.2375007617025644 
0.50798701556817 0.21550927968995026 
0.5133050894822316 0.2806859864484975 
0.10469283784862338 0.9778566082108204 
0.46697390736622973 0.670917453844649 
0.7548243541025542 0.12997581436212385 
0.6498400136721837 0.34823472063162236 
0.8114281194795077 0.524099519152212 
0.827309627722737 0.8166565341699943 
0.36733752549114096 0.5783995158913893 
0.2579605714003924 0.025613642233619338 
0.47898155677516824 0.4380657093898374 
0.215683044179789 0.7073592690285307 
0.1543185879539632 0.0489222673432983 
0.09821650879724819 0.37106984575293545 
0.41271680949508344 0.2097074578054463 
0.9288371877088201 0.33307881782815757 
0.04246480805558517 0.7272836373094504 
0.8571255951724703 0.025774727033441247 
0.29095578999523664 0.49954223897169225 
0.2821878235358669 0.7543326924693114 
0.32784420795783453 0.8782463258415789 
0.8436382023248343 0.12517965204625742 
0.9976485548157695 0.3341454577778938 
0.9872246810216201 0.16603467215167084 
0.6329763262182246 0.15416491283611217 
0.23970309473024226 0.15049166095715444 
0.06551239252165841 0.3827976301710827 
0.004043770445435579 0.7706884954944482 
0.9968313472736987 0.40624249828573106 
0.77351411745141 0.9906728393773927 
0.4624511812476235 0.27621349973354226 
0.2050038545608111 0.3960796740529744 
0.6524102702808785 0.160559609013794 
0.12271541684032394 0.03595138329379677 
0.013688116280386131 0.12620333303978726 
0.9428707411474785 0.17871384798684864 
0.7376260569702654 0.12625595846325066 
0.24443741031993327 0.42546698297428587 
0.5076266908204274 0.044077876070455324 
0.512331643993573 0.8419770153750654 
0.7801260753977207 0.19431955142857804 
0.46474803537005194 0.8791911297746504 
0.9260692371222793 0.07808703285006996 
0.9568824439331551 0.3833861869792371 
0.5976473237274031 0.8347246377153914 
0.699801214592806 0.21828106048326962 
0.14616537898622972 0.655936166091446 
0.18689539095762425 0.9484523441614117 
0.010237780274324482 0.5192667932490819 
0.12150580522960269 0.4316902545055387 
0.5573331797805934 0.5090489682401416 
0.9136169851866536 0.9675366198481353 
0.9959307745273195 0.03409524152828586 
0.2898943261941118 0.25712562737056166 
0.9914336857223673 0.6111323857021449 
0.028476646451465026 0.6722311254470253 
0.1956221193237202 0.2702612314359742 
0.38066002015030426 0.6615144663180981 
0.7285817498376819 0.3697315086769667 
0.7285921345619732 0.6237051514736195 
0.7614674562603823 0.1029284212721529 
0.5855770575425902 0.00884246389662291 
0.7334554230711847 0.4876590755805538 
0.19705855451662535 0.3475596097819633 
0.7221431790881181 0.15713047979569966 
0.07501305748410336 0.015519689784548096 
0.42962323942950803 0.3502771562274913 
0.6345684847368194 0.10498134752448418 
0.9733402796239918 0.8090670414114716 
0.8241612606806576 0.19043017757174102 
0.7811679357428962 0.2884819470901355 
0.985328790197816 0.5114717214913916 
0.2138046840685835 0.22104165688358812 
0.8871324674849335 0.48651027255384816 
0.16002785230879302 0.4719037017515139 
0.11045720870552805 0.1431390284377121 
0.6323456274377421 0.8968161178604428 
0.4437911890001942 0.3790446274188297 
0.3055367032061068 0.8153716671161285 
0.3383730778733801 0.215156410522082 
0.9430975468164706 0.6353874890470481 
0.07041821387284863 0.18901095519388933 
0.6437364803202453 0.19436008457649412 
0.9052029434407438 0.8595547944792165 
0.1823380157360479 0.8708608648078513 
0.010794196537917633 0.8347448878922186 
0.39278830784188223 0.9659727070848996 
0.6156234854425496 0.7049256630944117 
0.7045190084913895 0.17368832254449434 
0.8271518590356026 0.03954767540783094 
0.8467694124721257 0.8742159117635782 
0.776994746324885 0.943998215080024 
0.42230549185622956 0.16692450739454545 
0.8826444176058261 0.012977158860641935 
0.7359924855260589 0.3188610434745914 
0.947016362293226 0.44737956958757175 
0.43183347873150374 0.2167099197871878 
0.8401950299855478 0.6813845829754153 
0.8510436753887889 0.6575364265383719 
0.15632983179569993 0.1532182625332843 
0.7150432290333213 0.5832631816608757 
0.21055289449780756 0.5417562724448001 
0.11318020548461016 0.5521998328535058 
0.5561550290464482 0.8106346409770159 
0.8349044187270696 0.28228823768752087 
0.08138059769899847 0.6130096756409318 
0.9746967412822569 0.7802288988067856 
0.8934517275013649 0.9149931446779255 
0.434779286883056 0.8063104903294601 
0.8749957550387054 0.784975446698867 
0.3542916727913719 0.04644968454031079 
0.8177201514610424 0.11613515483969011 
0.7913152190929091 0.4818625019677844 
0.7636328582618359 0.8522677640068013 
0.734297286635581 0.8844568983169696 
0.7719628029312757 0.602728690491633 
0.6507318306228972 0.6935657134069557 
0.387823197955332 0.09264994610793503 
0.6584365827342669 0.12087170833924876 
0.7536952495220759 0.05437526856385866 
0.9840341125854349 0.5676846795840953 
0.26693988736165014 0.6021584131877014 
0.4104227860950823 0.7425489353515167 
0.8888084111113812 0.1335009813231502 
0.3312084054929838 0.4008908305040279 
0.2808089666010334 0.7269885382573403 
0.6964273728608029 0.45188847086019374 
0.8630174125130704 0.556777555773877 
0.8993552460407152 0.5304297882754383 
0.4563378072674573 0.018085622107394506 
0.3268263085500443 0.375925426544944 
0.6358917802748179 0.4055201461801796 
0.393332145984241 0.8987396886807408 
0.5826097187560806 0.4599602665063278 
0.5615977376154786 0.8656491980859039 
0.5958823446479482 0.5200091003659304 
0.5501118980843339 0.21644956689446587 
0.08745507786104684 0.34140116558386224 
0.9031599531870693 0.39839492067616167 
0.7902306906051642 0.8003631831740932 
0.03609977342510706 0.3051296316201836 
0.3537240362296286 0.9446589573836067 
0.5412694200216808 0.6631015278089423 
0.09574169583698 0.7575078993949984 
0.6734852516109122 0.5307179614008148 
0.27929364414189867 0.31044577291162456 
0.47717896744554994 0.7073740633794587 
0.0937062316009512 0.05593991512234636 
0.5119313923787782 0.13718344203663047 
0.2026405180246355 0.6177642058854713 
0.15762853541430555 0.98026787417074 
0.22867692172003173 0.0688068558512227 
0.6428293899642537 0.014879500915275456 
0.3495368960808865 0.8952448308696761 
0.8055739510186861 0.4322725033133578 
0.8449580761151514 0.7676449070275208 
0.29583563980222544 0.6104675557857775 
0.12462470173122353 0.40701224390620955 
0.4044631828952388 0.7183349118105314 
0.0421935289321379 0.5750228552538755 
0.5149520427872972 0.7085255112618364 
0.5794542069916917 0.907209074813734 
0.6078662170255218 0.9933378865999234 
0.6803234888723122 0.5615062219111779 
0.23663882815116893 0.6422947855985813 
0.1628536049767677 0.026931814818984157 
0.23614113193185854 0.3625279357359025 
0.9326011403495225 0.6838574439619778 
0.5235255229357337 0.07730215673156798 
0.025805338785598764 0.9918209919260685 
0.9574772987188331 0.060267079800429335 
0.6777833250391778 0.8744600359596927 
0.5201101860534973 0.403022325198744 
0.38983966279520305 0.5923877190119898 
0.1458570957371617 0.6051730438565186 
0.5638958910624038 0.7564383176852384 
0.6111069287391258 0.856777859473119 
0.9156512872067563 0.7747566179920654 
0.022264745312511602 0.294550563526033 
0.8920023277877778 0.2784081089542164 
0.14953562638472873 0.5034837616278572 
0.06577984494588768 0.6807331906067872 
0.09046651338639394 0.22545301677125013 
0.761909221531812 0.9009295039682232 
0.6316335959936132 0.9447622663316495 
0.5512780203957809 0.5389838121477052 
0.29284685882169526 0.9771412035129604 
0.4473964577434742 0.5732299931882205 
0.33662784993607764 0.8383057080761223 
0.5243957953119547 0.9418301030852092 
0.2973220680396201 0.05075799957330873 
0.7360912700648248 0.6926598038919562 
0.5676374464776066 0.9527238451048963 
0.2250542910350768 0.1671607737590058 
0.9509780435949465 0.10224245421217382 
0.44874164184494736 0.9892928498669917 
0.8159181761130525 0.6842426325113132 
0.6227012630706956 0.33247161091978517 
0.4098842372762264 0.7901772151063854 
0.4105880377358365 0.975574588508082 
0.24163780468037144 0.009497679830428762 
0.6741426284459728 0.050071075243052265 
0.5188999040948783 0.477804198025394 
0.2158790401400167 0.9353094368353959 
0.4780265852097494 0.6388828713172908 
0.19584098780664871 0.188709119765884 
0.374126865158223 0.03335153900774107 
0.33548804109195607 0.4569396775113492 
0.33996567351140483 0.7437792755818915 
0.867920935776286 0.27030253904984564 
0.2510290452587412 0.38803682110255727 
0.19925311784949418 0.7736860320460625 
0.23779547581669802 0.6710917318927678 
0.525626630082843 0.22653739380795496 
0.06221721219054377 0.49999315401725486 
0.7966477961032432 0.585656640925257 
0.19655126002463646 0.6462895275400344 
0.34652477313626895 0.7063100588287706 
0.7769945592029063 0.7704175135667246 
0.35561816528171675 0.2678580393933405 
0.9919069502424266 0.10596389387248895 
0.9937569705405969 0.8987521787954417 
0.011364538370495725 0.46842616597072667 
0.8129576401078309 0.25421954493947274 
0.1408951854819424 0.8850558660316561 
0.35323051446221043 0.31943983279253446 
0.10108531218799793 0.8454511279854431 
0.09935801012461065 0.928614120714688 
0.3083647613934065 0.870014542813538 
0.027969929076677114 0.7278802101303126 
0.03531869944443844 0.04062509052979818 
0.9163659302249183 0.5614458636480472 
0.4209380607647679 0.10327265199207353 
0.9639660153419135 0.9507470654331374 
0.6884975091247217 0.78438286772807 
0.7085555767211549 0.03443039586783053 
0.6266931114567811 0.6576164681310044 
0.066870858394811 0.9636099295985459 
0.10244652381663522 0.6746873609923049 
0.3245271286785455 0.6811056101302113 
0.6606047854348146 0.986145387360464 
0.18609414057370355 0.8219274054493325 
0.8636914198014388 0.9849813490975976 
0.8019704511697354 0.8816945842077937 
0.37051325144700303 0.5347407299134886 
0.6725247683156417 0.7914365916778321 
0.19526031283376494 0.7190478669984128 
0.15333548933375618 0.7021262697088216 
0.9773232616921101 0.225277811818337 
0.08320957379818067 0.6489576777189913 
0.11637084873126563 0.33738349387050237 
0.9297665299527413 0.43114960276714703 
0.8137444676349515 0.07591905343254546 
0.47276814721735144 0.2547343599527317 
0.5170789884821179 0.7740635611848532 
0.8918191703038036 0.8872899822536658 
0.26325286362097633 0.34731939605749473 
0.2907961600931095 0.8871270702268801 
0.4896046668539863 0.7519356469225946 
0.9554014315790772 0.8162987249533911 
0.7287515165669826 0.4636715709524402 
0.7630636884214561 0.43770223207270903 
0.48432048872936145 0.5603829583645847 
0.4628755169389704 0.6008740431370458 
0.7019621593032698 0.9671292071648074 
0.3995403083056889 0.5418678172708151 
0.8637514168530147 0.19269449466021876 
0.8458614889488925 0.4551747098249077 
0.23782654170893758 0.5458967157020407 
0.6656459320060892 0.008512443378607792 
0.2802152563836056 0.7808703823445717 
0.1218219355649337 0.07659592639001639 
0.7424884436547037 0.4278209141437651 
0.6585970533400314 0.6757669023758929 
0.028412151335061087 0.6426054320764184 
0.5597228511019607 0.005243808982507925 
0.6841176493928025 0.09387707635302389 
0.07466917192875183 0.10301694733712746 
0.991783598377292 0.9526566935696369 
0.6122699243020766 0.14405749288801395 
0.1725163450050194 0.7829986479119408 
0.2911628112473617 0.15017545516187586 
0.606469048504474 0.2988795413738667 
0.9170388068512735 0.1680194477635064 
0.07337846583698132 0.4383095480132661 
0.21529889784026512 0.2505093088981597 
0.4127627534605704 0.9540150946504706 
0.7060974008606216 0.9349559092523558 
0.7483646350337801 0.7424747233840897 
0.049639837200428194 0.33109046112214324 
0.20809376528314272 0.05832035460042079 
0.44572482132035735 0.5155936458784147 
0.251569088847166 0.18699177197327732 
0.6371622494622486 0.6122739645976357 
0.6839910532116358 0.14028031025635684 
0.8692550272729378 0.2326361996531615 
0.7560799363744495 0.7677325131363932 
0.5901111612455142 0.7631245397265789 
0.2566240071427632 0.10669718948792867 
0.5472189647948213 0.06664592435745487 
0.9851339504208909 0.6718354648256285 
0.4977925970982502 0.5146790986001348 
0.7983053393141706 0.3673985903383682 
0.44607038737006277 0.9011763015097896 
0.45310026413274496 0.7175229632334346 
0.9037596517617733 0.46315185212686694 
0.3670945728045413 0.1622344138848859 
0.012665855648098023 0.383789923744182 
0.35480820049627226 0.43796777498861206 
0.8798420819779107 0.31863006655185017 
0.23283540728856328 0.8678658199205163 
0.016311265922039464 0.6201502962482442 
0.9518552474273377 0.2675521458099217 
0.980980274684119 0.4292155096060782 
0.9506920673404073 0.5100746495119215 
0.6397276928457118 0.6347163905890345 
0.7058929956640909 0.2890488814378289 
0.6498890152735408 0.7488318724576271 
0.21685926814110568 0.82911193682272 
0.3950106532139611 0.25085487460692374 
0.6341971706460255 0.4301431359559808 
0.2753236706576907 0.5072611430415298 
0.4530632354561421 0.0532540814731825 
0.4842149823811998 0.6580100081087328 
0.0756095093771123 0.5819235677575595 
0.6757022535582288 0.8269179003832929 
0.8344816685087008 0.3960469364276312 
0.8852740669451674 0.6566870340779611 
0.6980885167752839 0.6130280215278491 
0.9921022192683429 0.7736201147037036 
0.6801542719203676 0.2123311766642631 
0.06860132551857451 0.4155919211314345 
0.18722438832480315 0.48511903312807547 
0.20415968501739 0.4511193442968103 
0.40822989189621195 0.2778340304947008 
0.7662399327382002 0.3582817871584175 
0.15856068289749098 0.39844438011712446 
0.028361517761047284 0.21436113079535002 
0.042162704840209786 0.7881111099919602 
0.6734234524521711 0.7356542980165258 
0.26027995660500536 0.8969990414087246 
0.8978309014391713 0.35611922956580033 
0.7360503115159793 0.258323918015786 
0.9509342045017126 0.4860307076398934 
0.20335421236363865 0.9940149253757643 
0.7937025814880803 0.981599920702986 
0.12573555517097557 0.5789580335305612 
0.4177364052576438 0.4006425242196784 
0.4454224821916487 0.036966203365539796 
0.4584347209636895 0.14172422231351522 
0.5252268156555037 0.4527371732427536 
0.04004628705504959 0.8393804406718476 
0.971561984867572 0.9051450013281617 
0.9464925963791917 0.7381385890666157 
0.03863942283838351 0.4700517314671186 
0.2632209550963923 0.7709778532626168 
0.5300662149178027 0.29437516954399623 
0.05179253980354803 0.9610230216603304 
0.5974433163745216 0.23458837188207182 
0.456474555667832 0.7900134612999545 
0.932155976767439 0.05706410058591416 
0.6095052486706038 0.9110346318507044 
0.15861004010850577 0.4188217557966143 
0.053690262425517055 0.11979262092481874 
0.8211758636757178 0.4607762061701349 
0.023438880305816645 0.9080569568692092 
0.32984560876177443 0.28679107820938055 
0.6228775059688141 0.508570093022709 
0.49740309227496615 0.8424900809574698 
0.4429217246321177 0.12488364115106143 
0.24480379868231367 0.8109916611583481 
0.528138732170696 0.7340501835845625 
0.8937366362871775 0.5571140307814842 
0.662886836099059 0.5777062835538578 
0.30964728661488117 0.1842157030130468 
0.5080260747717926 0.34687501933527465 
0.614082189692831 0.030314046847615517 
0.38307641116360974 0.34341866787887515 
0.4347738813948394 0.44869898683620335 
0.013265443748632366 0.8111270690397732 
0.31265716091614726 0.21172230429193117 
0.7504268593644046 0.47383263877831727 
0.8168491729765323 0.5965432146397769 
0.7395632609976523 0.523197480545862 
0.10475190569854015 0.6978729501554821 
0.9386901376774741 0.8378932838755085 
0.8704937513026357 0.9019824544079044 
0.7031292262630414 0.6808872414923044 
0.5434243702500356 0.7172136505568099 
0.7807118775707869 0.14777119206391925 
0.7643202781824073 0.5545554444048627 
0.3769200997486759 0.8738506798495655 
0.8217949005796599 0.14816521155686285 
0.025920689445964318 0.5892260120422721 
0.5883819100676807 0.9471347002704762 
0.17465174925470267 0.6404765205615849 
0.8611572596470494 0.9262511186477506 
0.0560141125306961 0.14387978331815537 
0.7388874048716848 0.9775299598581815 
0.5334277111558737 0.8921731657923876 
0.30351782124245347 0.13697965400420775 
0.1683512471664257 0.2162386037544573 
0.5775766229122027 0.6849859160886425 
0.243163322250408 0.5889315896376663 
0.84213102232105 0.10325120067107263 
0.7286996092808921 0.9459651789832116 
0.5313266470203413 0.5666884990654286 
0.4563439696180649 0.1911177520630027 
0.07583551200346866 0.47747712008920024 
0.29022043098237504 0.06770958828801632 
0.3700165870893767 0.9905195877360072 
0.5230452350088585 0.6284291599832372 
0.9718139597435286 0.26289952814503265 
0.6293457323254479 0.28688258288038837 
0.09590657914705625 0.17650495373881614 
0.8478768345971415 0.36734399197879586 
0.24425262706487333 0.4479007394662838 
0.9140431589860453 0.7965149051582671 
0.11199437741167673 0.012781368807075366 
0.7541121024033014 0.18888862171304766 
0.2864709445673138 0.6499281359439351 
0.38666168286897057 0.8132444488736992 
0.5731151004652285 0.32218886615504483 
0.7874449100637935 0.11393475149655724 
0.34688684784403817 0.6598387724342731 
0.7218397232761706 0.12576855311667579 
0.46834642424481404 0.3279437893088005 
0.6019006851639561 0.7778883039538684 
0.13905629142515546 0.25566344898139337 
0.08979542248090128 0.26437259613943775 
0.8908518183717545 0.7107229262110362 
0.8911919295562005 0.11141227406762422 
0.07119315797196246 0.2220467584597428 
0.4630707726825878 0.38345695020210885 
0.49827464619590717 0.1794379379878402 
0.03521833743383723 0.28011328555362136 
0.16558917723948285 0.934901463628829 
0.3782181794830832 0.30551608038354294 
0.5297144565404247 0.8660167894969664 
0.8634901792031842 0.4271998968433076 
0.11705199012756595 0.9507836233421765 
0.5135663110448009 0.11488253963510148 
0.820256216076052 0.798673486598578 
0.1561381636060865 0.5403765566146415 
0.14660285235741582 0.8379625819802983 
0.7095938466331433 0.33309497366842233 
0.7380047503235088 0.008952266181539104 
0.18620471414285916 0.5993620454279877 
0.007551040258424346 0.24576096024572253 
0.5533836961405317 0.19185547140306242 
0.19253542460871936 0.6700677504660633 
0.055135281291681215 0.24970414241106725 
0.8446928318745381 0.2035976630743529 
0.8774063293263321 0.35924449202120906 
0.4934212322577839 0.6139362922256673 
0.06727771986050729 0.8392499644860306 
0.21322261892289185 0.30564645955556724 
0.6448497784042753 0.25530323681852474 
0.8339038471154685 0.34497748588336974 
0.7154268953538132 0.19171489707243228 
0.5851129595644463 0.5429499474044238 
0.016444623463235775 0.18869871462178373 
0.7463782918779851 0.36489584347796616 
0.45025733491896464 0.8269359666785512 
0.7026477584829454 0.5684103109969181 
0.8275787759461511 0.6219306871016631 
0.268610820134935 0.6862570044725025 
0.9565489416572021 0.6018573089654817 
0.9131172152666858 0.22703518999644284 
0.7841344341202895 0.2158873845583531 
0.9174116099935745 0.6146879707704135 
0.6612922903060023 0.3959958119839147 
0.302622746967522 0.5914227062540618 
0.13138680906950567 0.1480656462606676 
0.09686287566417884 0.8131986627115747 
0.9466152804521883 0.3959915713025713 
0.4848843852543534 0.9630235291646885 
0.5911825693881763 0.6655996840651479 
0.6729697673051767 0.4738618766561065 
0.14045755776645164 0.7831636276015004 
0.957619858674781 0.9829787599295452 
0.003779067922429935 0.556451763727128 
0.7685663195204901 0.8043080435151679 
0.721986550352434 0.9876955419717368 
0.5439763828489108 0.31250246731058745 
0.3694920820488279 0.890910081794421 
0.21264179279387702 0.9065757290494192 
0.4106332863134479 0.49788198915523924 
0.7649066299666876 0.010511692113624183 
0.9608731752065096 0.9337655217807512 
0.6304773606167468 0.5574903472114556 
0.43227057378407596 0.5533459089839788 
0.9653735707282253 0.14067152263270116 
0.7311121864234751 0.8377919550695705 
0.27540354153560626 0.8401903036412999 
0.2653693969770675 0.45212842188166213 
0.9442834801895463 0.01722315081701159 
0.21074323859622518 0.36472113319516697 
0.005685439220411981 0.7370568576268846 
0.6113356061841149 0.3587179724573937 
0.5961485809686519 0.02767665675744746 
0.17807772111246944 0.3359271767745823 
0.5116325860638626 0.308596739016561 
0.5084323350382649 0.006971790004891454 
0.705217975875676 0.2711034805105605 
0.013144550015137701 0.04736436655878917 
0.513491826380501 0.1842141416348948 
0.2519924643860773 0.24040763008506544 
0.3067008804887803 0.48187237491550255 
0.6891805001944495 0.24452786522788417 
0.5537297609877155 0.9270226852823129 
0.18244653317248394 0.13478566543693193 
0.9805089108662549 0.6312875549099637 
0.6978718254861449 0.8977212283313056 
0.02791109467504116 0.4404288884997631 
0.10471169232889188 0.5081759705918775 
0.48918036589422026 0.9393140358507616 
0.2721807541775226 0.3343872045338193 
0.3237147223273761 0.7353946889200511 
0.2103526313887487 0.11199776614462653 
0.07118733758499507 0.9941448010913323 
0.11702746819918958 0.8001947256674835 
0.7338145008665058 0.6690498883184902 
0.12218877431491881 0.8994831453956051 
0.8682274895064713 0.1287283320626566 
0.7856334221805674 0.8991382494057869 
0.04999067897703996 0.06677534267485036 
0.3364757562721855 0.8600836685622446 
0.27594891821447287 0.37408040098942064 
0.011017260562494136 0.48760816605292856 
0.8826395288687324 0.6041308467897436 
0.30508440520849567 0.4110745543650446 
0.9226143900379511 0.6697193845687481 
0.6115069098643231 0.09797581703598623 
0.07354888506789736 0.2938524653868853 
0.8751911872215881 0.3988154387563551 
0.6704157338999273 0.7109764598721187 
0.9932628092143028 0.13048848380534006 
0.4172070926329475 0.6639968633836751 
0.6541997101930501 0.8386760725854411 
0.30739165857507145 0.5681263639103713 
0.28826141459359156 0.2143106613149492 
0.5597774218093686 0.43858250660526843 
0.5006959025947887 0.8194222788733757 
0.21306794717154304 0.6361705178492514 
0.950542032586764 0.19732820386296807 
0.06378848724067726 0.6036191386231811 
0.08084511563555091 0.8569939167245391 
0.42562117696981555 0.7033438584777194 
0.6964503625203453 0.5035428007026544 
0.11958881050840481 0.0990841783697266 
0.2610490474360647 0.853443324431447 
0.5733956898093362 0.9961844925854332 
0.3206642785098604 0.23828086543544263 
0.1049471864721861 0.04829783832807688 
0.8633221315450683 0.47892060144102216 
0.021501756188600285 0.3268872302420811 
0.8679662989518365 0.638253899728884 
0.11178802249214675 0.19331436150743547 
0.6344520103532618 0.7073936802977061 
0.9247939836103766 0.5921134254593188 
0.5314372587859447 0.2634253394078549 
0.37083025948382004 0.7094240728641698 
0.9947911570361045 0.8232667482295388 
0.403786231912985 0.3553658480082561 
0.6202173242710207 0.5311514500626608 
0.3034652405108669 0.3059064236434534 
0.07929386514791481 0.7015914509619067 
0.6167355291032706 0.11879056317827441 
0.16670763729698473 0.7486979925457208 
0.3882035706867496 0.853875575802971 
0.578358438146578 0.5837112198561433 
0.6631691689535991 0.21176832968510928 
0.31624537886540993 0.9231381605991182 
0.8871551965467899 0.16135104167864 
0.20522361048564342 0.8395343010238421 
0.6463375629187215 0.7975579322522974 
0.8071802866344178 0.2893811000935657 
0.172454425229697 0.5492752241600182 
0.823513249051316 0.4152447846209065 
0.011945419056674844 0.7164795409870147 
0.9364865133541372 0.9015641132482344 
0.05333409177028575 0.8144196458963466 
0.5881993664837072 0.8038582461344796 
0.27814322395438373 0.1840319843091252 
0.564140588229827 0.4671214137989469 
0.7645622986160274 0.694365492432638 
0.19379278268495492 0.23328644723432096 
0.07258672826397022 0.27615023633682795 
0.27161797887976324 0.7057922469976187 
0.12467282615224545 0.31461846104667046 
0.655718335574028 0.17595584199649772 
0.3681942847740145 0.2337658810311587 
0.4183640254532792 0.8531453640326123 
0.623664872474665 0.9855923785904636 
0.6132733799213559 0.5745808567321327 
0.18463355406028076 0.4073948611203816 
0.8804597518234408 0.037573320832092416 
0.8118749371348695 0.3475759264319904 
0.7884820300552171 0.9195732462505858 
0.4379576589925531 0.24108874751534826 
0.8717436455819908 0.8195896342787696 
0.4148554727127308 0.6323289427437573 
0.5699599018689269 0.9763288368656557 
0.411984315453216 0.42024783545094135 
0.5377505472259703 0.9824497119852175 
0.20315967492309678 0.5210167885965042 
0.2900514569159527 0.9376533773442897 
0.5785527310466724 0.5117936863763218 
0.26415783026945283 0.5253259318274882 
0.0825973043802617 0.9232234998013982 
0.25849720451061364 0.40677279105537795 
0.13726606821073278 0.21985227491297532 
0.315929098567738 0.9792276646259823 
0.9377602857756748 0.47187232219273945 
0.3214450567413254 0.3491890068352391 
0.596322977374642 0.5870403613988769 
0.9643671908763831 0.720588874963273 
0.9424695805610115 0.36166467592598717 
0.8622201318399466 0.3116658043318554 
0.7834036981842483 0.7491968799449289 
0.7492322283468086 0.8128886608169467 
0.4830545365882227 0.4217866599196766 
0.5402187529449679 0.39118941244624267 
0.2489851887596498 0.1276391352550203 
0.7394483034641326 0.15409158411444063 
0.12966231961096814 0.01624650929589888 
0.17317121454253454 0.9926970229439656 
0.6016929057130664 0.05365345514229258 
0.9123832272727501 0.7241236585417458 
0.8215294716497734 0.903146946180666 
0.692614977809739 0.009225994652697744 
0.9946599517718012 0.085586551723554 
0.5323024832171538 0.9064741484226446 
0.34660322018720136 0.5072963905719592 
0.5107595473791886 0.8969644361454839 
0.3158876116916819 0.6230829202264846 
0.7863456800011697 0.4435513151694275 
0.5851745225931526 0.42199793166514166 
0.3638508130452338 0.211866760415636 
0.5029812967158156 0.4082157489837558 
0.6292402013046224 0.7996260683974965 
0.7681151646982367 0.2502555163609436 
0.6590111376833597 0.30077503863261956 
0.759832301955627 0.03831277010679934 
0.007307911208566276 0.9877469266230601 
0.9262860568820737 0.5324916107027158 
0.7837551685830257 0.5465712085943264 
0.494040909392965 0.8645212703612382 
0.7083034600719418 0.7973837724252173 
0.9891738135910986 0.9340320054925965 
0.7715028933150687 0.5044807564918198 
0.9327173839722722 0.817170506133154 
0.32633229585902057 0.32613965986094695 
0.4407297384571304 0.639365903658395 
0.5294517105203139 0.13769440578686298 
0.016366398466052423 0.9237709588736153 
0.38445939631751197 0.1303517584583041 
0.6928656967437125 0.6448101703932532 
0.36249532825868586 0.5524928899302551 
0.6822457610029437 0.43730478273119167 
0.42495729868394666 0.33210061488733456 
0.9942591017283935 0.009971331361246505 
0.09423894167581515 0.5269813877957442 
0.5093819772075477 0.5630251840672339 
0.45631692000018503 0.4755226370653075 
0.04545727992861465 0.360173454720022 
0.48646313432209226 0.989186125057654 
0.2270690911662135 0.4091442843737345 
0.677211273641662 0.5120656331716283 
0.17362573769325962 0.5752272018794423 
0.7925569231986439 0.850741072281255 
0.7696467808713143 0.4807264557726443 
0.6909105844093297 0.6646801217929827 
0.9189952142428605 0.04398909558857056 
0.915694188727161 0.1484993119137124 
0.992777191055561 0.3487843105615602 
0.48199595711266335 0.38257125423762445 
0.8207813723400148 0.509436944725399 
0.38412030831788146 0.17394162212932307 
0.3597596511028419 0.837941362035753 
0.8031607953437055 0.008866724113565483 
0.30577708394741504 0.6693744467192502 
0.3382020132218551 0.11053542166779573 
0.829787230826959 0.8412928140024858 
0.5341800081957812 0.4296695224488066 
0.6107758330225951 0.8136171849334066 
0.3808894241498363 0.5142476984587568 
0.4974951342819003 0.7108297834127668 
0.7006291207345804 0.15113740330047853 
0.9292131791485188 0.9676365152455686 
0.3610466066323397 0.6799862678961398 
0.053279720924325646 0.16882333133471622 
0.1054172784843797 0.46985633227137913 
0.6060645767693035 0.26834862555428607 
0.28421692013219746 0.2797162360426654 
0.9329231833948699 0.7599098779668919 
0.1825843610037678 0.8885411020297616 
0.21839823354521354 0.574039740676616 
0.8373053062483966 0.6039341151278924 
0.4213928109152618 0.3735449521089921 
0.7497179900988831 0.8736946198377594 
0.7579785751064632 0.9236617195518484 
0.666276108097023 0.1473117623463221 
0.606521515299816 0.6556467608405322 
0.0051109472275885914 0.14751172333148627 
0.8588341814750013 0.2480486476600815 
0.7753052025936059 0.08795246982219312 
0.4420152883082599 0.945971910831095 
0.9667985071250995 0.4927334488847922 
0.9245592970904883 0.9416503890289649 
0.12624693445800672 0.7165680188538477 
0.19601156085515253 0.6948040339994986 
0.845846981334668 0.8197542702335302 
0.5591644593842764 0.7859201820282091 
0.36151561462003917 0.14531712905812283 
0.5978421059333527 0.33461631375907697 
0.20847469431518678 0.4271138574186714 
0.5509916509147491 0.4109989832915592 
0.702367292903938 0.10943568360819722 
0.5579888780952127 0.10254427470186128 
0.43086013007322266 0.4155255532022233 
0.9937418456370839 0.2971464531412029 
0.16031378453909684 0.3359832952613674 
0.5897225516746694 0.21112406575467635 
0.48490203632479906 0.2705863368058745 
0.8657905159885273 0.9677446651750489 
0.8657655866723319 0.5053227911927576 
0.6207245736543416 0.4606662701999159 
0.6620023597855905 0.09981637931801829 
0.3315759829208204 0.07375787071582107 
0.4778241403118728 0.06048644590618829 
0.19169541522036898 0.7472371257906595 
0.34776954051135556 0.1775365738798353 
0.7174442119438152 0.4335534167273328 
0.17078361315956048 0.08975921172705809 
0.4573926901557874 0.8564482547219412 
0.7526742147496295 0.41440313273744406 
0.02112846105886823 0.939484446053884 
0.4042209069326317 0.07178993247246446 
0.11700735630679643 0.37533097839808754 
0.33407885965218886 0.7707769630562578 
0.041705180526388386 0.7695589618002088 
0.10088326345871018 0.7205450046679541 
0.5113342721459371 0.7350387430718673 
0.17308118837866737 0.04991992115127081 
0.0527049783118001 0.5234960230179206 
0.511855203953347 0.9918527867395402 
0.656206714220589 0.8826247371466069 
0.10044305958260014 0.12171188055301924 
0.9842989700077756 0.32858572847477396 
0.044311557112841016 0.692055604666963 
0.20127262809162072 0.1545674620377538 
0.28498543210321625 0.8139619658196138 
0.5202923982352822 0.8155848595658981 
0.1504786135413782 0.37303690188153227 
0.7388808640676567 0.5890633511583169 
0.008289972103974863 0.0997568059596457 
0.24917665380230192 0.6143568803646579 
0.1374292539484444 0.6799091528980341 
0.9647253088746784 0.5637104299675916 
0.7762921138758647 0.6261386269473811 
0.17297987463079229 0.2700685574385435 
0.2040610079264098 0.3286692985596419 
0.9944385117702526 0.2645530306542474 
0.17157751115787623 0.521305145686519 
0.5701897170580104 0.3433557952780903 
0.3110255471173854 0.46842280543773956 
0.20637137370800573 0.8047651286700818 
0.48613699199888943 0.6863302353243756 
0.895683252121922 0.08390978773055174 
0.8350067142202361 0.785329250899654 
0.41756275934262155 0.4640616285805876 
0.17029340319541153 0.9662507433424227 
0.22658770212885954 0.48881459217352874 
0.41989232313160996 0.7681810681949974 
0.02656448982806936 0.5612368084879475 
0.37068715299324106 0.09548529836015834 
0.9568769111319936 0.7868977231258631 
0.35622875920426345 0.3985996862410688 
0.09622769841469359 0.2877876377392104 
0.5915937932284988 0.892536967260284 
0.5863777228569262 0.6071581354732221 
0.7413415052979982 0.33637603186012544 
0.44608123327923954 0.0744719297242053 
0.6008723728326765 0.175596849946694 
0.10148403942694545 0.6172029723644757 
0.12574088660302984 0.9950537172424381 
0.6786280794955246 0.760929963559495 
0.33868886309382973 0.011329533083963339 
0.684019258371231 0.3381308291304903 
0.1997199454231694 0.5617861495753791 
0.0938926317622304 0.5934959578090802 
0.8025928598981825 0.16200506700118444 
0.249895641390871 0.9636417702594811 
0.9599109490563813 0.2872038823843377 
0.2567485970735204 0.21579007068902978 
0.685798836427189 0.546633599670421 
0.16783803845708573 0.3047224901535397 
0.07366385034221606 0.0819937470849954 
0.2587201604267479 0.16923802946723854 
0.47102342367281275 0.9071773252695987 
0.5975562113303337 0.4775384204181776 
0.7314463786449443 0.07623446077638069 
0.16003048738109027 0.8743184560976679 
0.985357168563423 0.24393356581163184 
0.9436155361783128 0.08059989588208866 
0.9891143519072265 0.37949380791320647 
0.8453256172756282 0.9657048981074247 
0.11665925852227638 0.9246133614018166 
0.4543448594093521 0.4232208197167566 
0.62790284354051 0.012713404023301123 
0.6817920564680914 0.3139201683521811 
0.9725260913835795 0.8536380213081596 
0.951149051846784 0.1539442889677825 
0.5649125352244653 0.7281673816053142 
0.9093868029004747 0.4451962526748603 
0.4287695512351386 0.5170253663779605 
0.5427604951345129 0.3542817751858494 
0.6878283735272485 0.9808644256615854 
0.8443888012853776 0.7081229965568476 
0.41643853718199364 0.9150289726514136 
0.39710977861401126 0.3132875219537671 
0.1247073524888152 0.7420561350734258 
0.6551824765772187 0.03756156439674502 
0.739763157095686 0.3902475853724806 
0.22329652172655223 0.4657757660444669 
0.848500652153832 0.5562142803705317 
0.8119400861830135 0.542848120680245 
0.7540851972412772 0.5837089861736547 
0.7355898376781348 0.23524001764008923 
0.23203007511260132 0.9289760157340309 
0.6181075244665637 0.6786060405255105 
0.48812928636309405 0.8919840322488569 
0.7888449364377756 0.24191226138303468 
0.05794805150568966 0.01028650452461799 
0.7401058090567586 0.7226357731709089 
0.2569623635924938 0.06857988611383137 
0.6533789551635382 0.9056314565818769 
0.4247798021836686 0.9910277633439166 
0.6321520306131263 0.2148802176213394 
0.4486430320577005 0.7371823758467386 
0.19755060227651966 0.9270377352531193 
0.4576329923230356 0.35619701903607465 
0.5948838754940753 0.37589709559202567 
0.5806552276538535 0.2554843874698783 
0.41138593430186665 0.596030062587436 
0.02187012615728956 0.019086918862392444 
0.18303797027305257 0.44263107804219937 
0.6659438455733339 0.8079069562612817 
0.036967527204848805 0.8537304274233801 
0.9180340188612048 0.37546221141546704 
0.06357389182510731 0.0658999754973994 
0.851168998491513 0.8532121016343183 
0.8669689726395486 0.15761990459793335 
0.915681978397278 0.18360605705926608 
0.7732340203443209 0.8262179923872803 
0.6379759293981179 0.0812677836030965 
0.30144268360740717 0.369874524876315 
0.3604672134135941 0.3685673483241607 
0.9423113490888615 0.8752963199771338 
0.08292202779660296 0.1394713742546122 
0.24543098855250156 0.7871415423856207 
0.2997761793199736 0.517619958985181 
0.4536241162437611 0.7670778670657973 
0.24443519862984203 0.7511946871797455 
0.8104463639449884 0.03207708522500041 
0.991308053348362 0.6441098789160257 
0.34001031629852396 0.6267309559872773 
0.8795555600923655 0.7617926258408252 
0.34046711720828904 0.9650960742944341 
0.4664316339556202 0.10544194018201092 
0.6390325946979808 0.478894298878648 
0.5301951428103524 0.5922909228506036 
0.506639854971532 0.3271977574031746 
0.29543051960054806 0.45685313599186483 
0.3150814638022621 0.5016010845018899 
0.5911311362961186 0.2909404160129067 
0.6309289132883142 0.3620803785701366 
0.03199892227491885 0.39875928135563476 
0.010973261599373119 0.22651832912470038 
0.7322811180564839 0.6471911363728973 
0.09755158106335937 0.5718050183039283 
0.4721529980967732 0.5310505959120825 
0.6711385069370782 0.2537385244623857 
0.826893000872003 0.380651677108332 
0.4919246197978075 0.5739608657800671 
0.5272685268101199 0.09486724246152045 
0.1344027185401987 0.16352202425097562 
0.23909383888003338 0.8299322674861349 
0.8351862885263714 0.7416069244698094 
0.9128441101108653 0.2924652469557138 
0.048029585387044826 0.9153233108797711 
0.5192790796617468 0.6664441567279983 
0.2554009890799598 0.993699801926802 
0.5715248473198965 0.640277874900114 
0.009676691954942251 0.3633243806183733 
0.6976212781733313 0.05330548629079629 
0.7176195671739628 0.48376956936300364 
0.5380556297234661 0.4973073521241455 
0.269098856581899 0.6477744618394845 
0.3956641779725881 0.7793747114622713 
0.07676599171018628 0.7650085405630378 
0.7191159348668933 0.8681994845762376 
0.4515565480801588 0.9166639916191919 
0.4402999812913679 0.476238232207852 
0.3430163065804029 0.8166309857702844 
0.47408751726219156 0.4537393215838325 
0.6412350121923857 0.3369153852837372 
0.14059545605112056 0.19455577363746224 
0.46284268851237376 0.23928091134203472 
0.04280495992181166 0.9826865978236258 
0.2184799000679981 0.11942582243990296 
0.27560531765985763 0.008487567719215827 
0.7278037160973599 0.3069903501041072 
0.2524161285540186 0.9465322629984254 
0.9796835121362927 0.8306321256369278 
0.6829028947568849 0.2898172915200562 
0.028314281011229903 0.17693574100793497 
0.760334213299913 0.31534417026722766 
0.55579231211289 0.5808822258105732 
0.4150405727841065 0.1459385092406441 
0.6719211307882677 0.23303529245469579 
0.3358199949376104 0.03339361343401964 
0.2522764173532223 0.5398112402115443 
0.24840659700735862 0.9084427876647199 
0.02486044949296823 0.26201798654880254 
0.21745362438564303 0.8672243571576239 
0.9310582304783515 0.5589152291670629 
0.5658822905613669 0.1359465848214127 
0.2411250105798563 0.5251464175057118 
0.5120618214590245 0.49466552518273244 
0.9288446898241489 0.5101947869755393 
0.799761907619492 0.19517697308852278 
0.7213015531098128 0.895696613957274 
0.6106315422554552 0.4279495748573551 
0.18406508195572346 0.029775209367176647 
0.9550182326538776 0.35013976008112857 
0.7436738930549575 0.5363679660212575 
0.8236046208521428 0.7083918243185097 
0.05752367446763734 0.624099392342016 
0.38860284892276775 0.4513904662676426 
0.6595443088923348 0.06793401781168379 
0.49378087792260283 0.15846530390268593 
0.7879879951206364 0.30210563240795596 
0.9229182876767139 0.3942342680914934 
0.053680109132315024 0.2178429410047657 
0.6875208175702348 0.18670874807303423 
0.49718476149990953 0.35694564665902034 
0.703458812193471 0.39830754760218506 
0.008520130800585668 0.947326862088189 
0.3974938800653412 0.4760248520803982 
0.07006996091531592 0.7323937883386049 
0.6752261202287616 0.6263148634319939 
0.09633934100830488 0.1585012133562652 
0.32101343107073205 0.4264560845711904 
0.9099615379364578 0.5154607872200352 
0.9193184323994266 0.12446373063480387 
0.8277288479787452 0.9253423151456553 
0.4731926950298656 0.5051239110639278 
0.7365907849363182 0.5706675651741149 
0.8228070465393738 0.05925835291699605 
0.3311256271105981 0.6477906237746227 
0.161894465224251 0.6168094642234587 
0.08331758510819576 0.5626367078067219 
0.801849143313254 0.7560146605561553 
0.7487213223355202 0.9579042411684973 
0.4766479468958162 0.7284553459075016 
0.6901487581091554 0.9107651992595498 
0.989411405615365 0.4668410867447927 
0.11010348592354197 0.26341559861796293 
0.6246533405187715 0.8781545194032365 
0.051244796430722384 0.9375820927736138 
0.7902234669354538 0.3424129426876615 
0.22646533737485003 0.5093204926412014 
0.6849922563285022 0.9381231504085001 
0.193298813462414 0.0824126190914608 
0.1436364437565667 0.34099336172821726 
0.9227180628128077 0.24787103155029105 
0.11171364244800264 0.4515188642815289 
0.30459590436580986 0.02773385029972203 
0.9630432428675797 0.5200650584349255 
0.7647242827167864 0.6557430401966223 
0.3821678600396564 0.732286182603072 
0.484802023613612 0.11445602433490243 
0.21599048593348746 0.013207814788704975 
0.038977440957985166 0.08938044908699871 
0.5502765357597177 0.27103909678694826 
0.9844611138622474 0.18373284190927403 
0.42123712399744945 0.25853147769553086 
0.3679057523512741 0.6469451395688522 
0.736815215222995 0.9240828369124113 
0.8583449726158129 0.0062884113787966545 
0.48387798440928964 0.7960292090476015 
0.1662355752113388 0.8340168618974328 
0.5766008513292764 0.17964016442856695 
0.3360927183475745 0.5428827397845221 
0.05927988871628498 0.6622964752493892 
0.4605514241804926 0.2961999114959182 
0.635890678507546 0.5820862825614492 
0.3492211914018539 0.06727323227738619 
0.9825145208996237 0.07322603438615938 
0.37531184340021295 0.9642113864041366 
0.47191703458843215 0.6216010498953339 
0.08985330750479742 0.3579991831863165 
0.9175294253760247 0.8790522444379147 
0.9925474631658205 0.5876636908815079 
0.5899448575495829 0.11119888610962192 
0.2208555009549808 0.1948030279213845 
0.029270552790102433 0.6032658189276388 
0.0037555125664843203 0.29216119105084926 
0.7228992853464733 0.7420932726879975 
0.8185554757535234 0.2120961339141394 
0.4679139175680206 0.962066240157246 
0.57509821608297 0.4902873051436073 
0.8754624271078011 0.5459445696875327 
0.796776701503849 0.7264871609385717 
0.27508351356301497 0.22676041902671956 
0.14678504990744395 0.06947610559523298 
0.3556414210496398 0.6093338886663285 
0.8390884415321321 0.3053805385854137 
0.5786024261927661 0.8398470394185402 
0.09846809358343517 0.8664530405804913 
0.4463698418580058 0.5340498588258317 
0.26545319974205484 0.8112167614814072 
0.32354603291149797 0.006156941784804193 
0.5346000627851354 0.6760418043826464 
0.8470255203520324 0.32969214095970406 
0.5115602414005201 0.2591527845893992 
0.34385917262340027 0.5720772147084134 
0.5734782177296236 0.4460783683265518 
0.05092918564879134 0.39428789946376286 
0.5452497498117687 0.4716264094993247 
0.8422076709780801 0.44200022720755994 
0.4945150168631818 0.04776148162851934 
0.9157705452981861 0.2734811267028612 
0.19842383058879354 0.8611093815058679 
0.07914940358534328 0.9753325484137036 
0.4322898434794238 0.5823125851104073 
0.8994284000047971 0.03883728354738075 
0.7490269682092502 0.08726882206038411 
0.40964971621243695 0.9355082230049534 
0.8166656248803966 0.272063648332704 
0.4812011773204922 0.47823326953503903 
0.9164935057061554 0.9907015318600316 
0.8687861780142607 0.706413829619563 
0.8993259831225194 0.006087737764223666 
0.945770225961565 0.6518142642353177 
0.8491387587408543 0.9410640162484837 
0.1622206236401999 0.6827462899286776 
0.2897728596203242 0.6303620091988117 
0.3225309932259234 0.04618195651208834 
0.7180627640757589 0.5329954520823076 
0.9659500645076302 0.3182541428272604 
0.4001877898482127 0.8047917652125747 
0.47821379817552734 0.3994740290530431 
0.6496208603764152 0.6511862001294036 
0.7869696862518603 0.38499498813514244 
0.14184761030989002 0.5652692798081214 
0.41648086007245627 0.8135825390819957 
0.895897983506555 0.23867117428824486 
0.436697647366275 0.1470161075551123 
0.35320879202986377 0.026306162473052952 
0.18506986378132861 0.17506292269563872 
0.8052243209557908 0.0973912107182433 
0.95432661322899 0.12543042843352203 
0.7841149551563242 0.5180466236147634 
0.8233975221010226 0.7619687921500244 
0.1285204129291278 0.5423549666320343 
0.39135168657912645 0.20311321971034596 
0.4752496843529448 0.18095416944072096 
0.8574098909691688 0.6944364734817872 
0.877985179555965 0.5223410289039676 
0.5254351981226786 0.6944630300536575 
0.6942569929131909 0.3785883685335556 
0.006445901490125083 0.07403818841860738 
0.14777606461649434 0.9886203571756125 
0.12976132149454567 0.4750759224485031 
0.13660732761930416 0.8105023190940166 
0.5784856982331761 0.07172447584248876 
0.10249560456588613 0.42072630541107764 
0.8785654580248969 0.9937713897114981 
0.8170707947971233 0.8708871974248618 
0.9621851950617041 0.2145266027198794 
0.10812527725498738 0.30569075668368306 
0.5922096069363829 0.7439870767264591 
0.6383946653856464 0.7744500717252639 
0.298528017087054 0.8501450039437153 
0.4333525127762505 0.6810746474261318 
0.6145579705575327 0.192489648472015 
0.8770831402918394 0.9310949863756306 
0.26915559545203405 0.553452898965071 
0.3593754872083472 0.4823162729373152 
0.784099036987624 0.058048477496519924 
0.28605107846222544 0.09449288998127792 
0.24322809890994163 0.27765569939893253 
0.08819055246235868 0.03047809923887196 
0.8093668025475171 0.6423523349019241 
0.638574318164172 0.541641794562697 
0.04698999323450753 0.026942815659952768 
0.05238187934190364 0.3135853748698684 
0.49507956109926904 0.2916923657000374 
0.48920453232434147 0.23790973915442754 
0.6959369096190899 0.3614973144327859 
0.18484939325026983 0.006766307449279307 
0.1445419439309913 0.9669632729310301 
0.11004673268912296 0.48664293659699365 
0.1207069255539786 0.6577801198854945 
0.18313362130963579 0.9072024713595138 
0.27583560421910847 0.0416714641531063 
0.10730459769275874 0.39155938678786417 
0.10978295744962635 0.8232533299790378 
0.22944747398074816 0.295631777109172 
0.8296643724013056 0.09007121484449154 
0.8934353493343496 0.3022046465891876 
0.6238170725864628 0.05568621731510898 
0.5402268553930815 0.039554408723066814 
0.8205874572129261 0.5615921091999279 
0.4720871900331991 0.14491536761456375 
0.3705613234793635 0.4289398220617507 
0.9692989613947756 0.04552323801630448 
0.33213402476656106 0.9106398667099816 
0.44170177068706973 0.8733474978213307 
0.29289264072921295 0.43001726835703197 
0.16224597844950361 0.9090382010425873 
0.3917728727274641 0.3992073701480253 
0.3008504321821033 0.7340198138951928 
0.5402282727314238 0.15019564416319242 
0.9939094102637449 0.4182155966979799 
0.9879813926968614 0.7379509148210491 
0.21857750786873953 0.982518556276289 
0.7792857894519145 0.5696203033214183 
0.059005120510202125 0.5679441141092355 
0.3188370253434034 0.26956964281743173 
0.07971933268846731 0.7996597650458244 
0.40987133860174446 0.02912678110578404 
0.8440032892869979 0.9183762876483997 
0.2695446717092119 0.28849061347116634 
0.0053502089218812054 0.8823174388089463 
0.6562178621838752 0.48192982778361904 
0.15447240010802965 0.7288337082547072 
0.06348026999290557 0.11214924114285646 
0.2823920281309964 0.9950558866437449 
0.39141533331675527 0.6303720720682852 
0.031034445619542272 0.12161916690450048 
0.9224610912900181 0.31913311483605644 
0.5340677070182254 0.1105167299161699 
0.6680017671599794 0.35222281160426266 
0.24041076483625318 0.09165009923439832 
0.9654729288257531 0.6215491446847693 
0.14146527420155303 0.9018275440319351 
0.6744525535212128 0.8554686909533225 
0.6708367595692617 0.60060638317004 
0.7138782894364021 0.4519659288221377 
0.2684225011408286 0.14621043442069298 
0.39020957704040454 0.9426713250687488 
0.9672193663603459 0.6917696407729724 
0.9865903904196827 0.14843573809251615 
0.7071818933599768 0.8382750559317093 
0.3115624588103157 0.0835812670866033 
0.06474667458324052 0.9127263596386112 
0.5349875659656742 0.5239219326411381 
0.10421432491034205 0.9628873588238429 
0.9127917633342597 0.07571139694088858 
0.6904489302039558 0.7006080447540187 
0.960559257435503 0.7525411093320996 
0.019536120401635215 0.7724803021100808 
0.29608674920415545 0.7905945573538784 
0.23440265456491322 0.6944031089384959 
0.9513027814906774 0.2420721382670563 
0.1713576157491597 0.8093289643446805 
0.3487445798651576 0.1232206882344688 
0.5443118461130857 0.8219986735464965 
0.838598030663765 0.989676977840376 
0.42348327649290074 0.0865361570725387 
0.6517922761035246 0.8552079518280837 
0.024986699001678103 0.07643859717315227 
0.1677860271961903 0.008476454098599984 
0.9199538107910792 0.35138156401774123 
0.49276842225688605 0.02993634716005278 
0.12140351419599643 0.8499420953105892 
0.9130611491417817 0.33765767348682585 
0.06954311795224533 0.049031169757171034 
0.53390605323632 0.9259127379178085 
0.20151474950660875 0.12897333565440383 
0.657863882928506 0.3250994262736252 
0.1790486772673177 0.2333125130885173 
0.7030958694848691 0.4192348283241593 
0.9047375603975369 0.6761251321843421 
0.3889764229706967 0.11200679232973743 
0.2891039119170842 0.39044922174044355 
0.4794313930013625 0.3672056029566507 
0.32565360866631765 0.8103293266746587 
0.13612761161637826 0.5238169460640376 
0.8987930010600884 0.8182102697287525 
0.5825618272206371 0.03691055529064469 
0.1534528526354217 0.8557385736670685 
0.5466234265739988 0.8808849734762306 
0.9698657716777056 0.444694563362694 
0.8696063264915971 0.8801473720520091 
0.6292066839299253 0.8464166781554642 
0.8730879311646249 0.4666143522212087 
0.01889253397746482 0.15868137874622718 
0.526085396533768 0.0066491420358252284 
0.8636837170117362 0.06889237949437865 
0.8845446744670498 0.7295124219282199 
0.1801437891311346 0.36645123419571496 
0.30765769508915997 0.9486805450020747 
0.9336129806917411 0.9304215486140386 
0.757730371766997 0.1479328591029655 
0.5377935516513846 0.37186421646504697 
0.5435849594864078 0.6227720820364112 
0.6011021026082621 0.07714530058127439 
0.9830825905964478 0.030540544888561227 
0.3105516384892474 0.7812616754820781 
0.29297305815332686 0.7646428097198014 
0.7827404543605607 0.6769058941826306 
0.740081544368671 0.7706237929735685 
0.6548447780593352 0.4486259243654316 
0.7309271853504247 0.8103702237282187 
0.14652064327190756 0.4337152730862599 
0.3094480766859071 0.12005685501266533 
0.2929897783488756 0.32591562245608163 
0.7363830981774635 0.2849705811293204 
0.09344138775786864 0.44553391753554966 
0.4987309377440752 0.6374639120529093 
0.7616248903957379 0.2108210253014653 
0.5274228492687377 0.645259340744747 
0.6206276329561056 0.6069712685256066 
0.7969073703862777 0.9470833281185963 
0.22441507739391509 0.8829326328152163 
0.07192503485534069 0.33638476470315737 
0.21359404728385062 0.8505409036074385 
0.7351774583766144 0.20158120666102397 
0.014317040330638964 0.5390576042938265 
0.7822367592789815 0.418912239086906 
0.7983996949935606 0.6671640705226713 
0.20527987454319657 0.9536977458649574 
0.008574221762444656 0.6878881888193196 
0.5729960042210094 0.09439798177114467 
0.8547154214602931 0.2899458891148924 
0.847015766818741 0.2236604989080977 
0.8100072748245828 0.9936781596690655 
0.7506473922855637 0.5124447937614742 
0.8546985738259154 0.5917172260598149 
0.20967292733047466 0.2824270811691512 
0.12720401210190946 0.23390409512080618 
0.5742149374772717 0.22417556364365254 
0.2956384090021012 0.9097655482527716 
0.03938103259174264 0.9493527678505329 
0.2036406489109917 0.20113398229602608 
0.5392804461547961 0.5451290386579599 
0.21522084185782814 0.7296416910174492 
0.16715826275983148 0.16735778563543463 
0.14326852462286005 0.11984761507094699 
0.16771002999501622 0.1124411584269493 
0.9814033497438895 0.5414136365257654 
0.9307688856964743 0.41090873046623855 
0.7581110040797867 0.9876139292946646 
0.4493262980456108 0.003639468595034223 
0.6719945628230334 0.6930044855366886 
0.25350173188907676 0.981801954840197 
0.8843613900199898 0.578153333679701 
0.5683089154390809 0.02143831752304315 
0.5600276774419612 0.05080180194562606 
0.25478261937597124 0.6542062755161028 
0.7507152365487688 0.2503916900824853 
0.6425022509565724 0.9926955598527278 
0.9704155221299876 0.40596182447965923 
0.7083310676076071 0.30275236816530093 
0.24820282556913842 0.04791349817067081 
0.3831573247696605 0.8279102675369459 
