0.04858205934547133 0.3929314451327556 
0.7468860295597569 0.31051171871441874 
0.46920382703969615 0.7739563394330575 
0.7740986974805693 0.9085102281445019 
0.3634151795395866 0.29982492210331757 
0.15055247850312942 0.7667676932228895 
0.7991393364358826 0.632710287375135 
0.2987309075175642 0.09451060787531601 
0.30064420803689806 0.6029651633748954 
0.877341677636071 0.02926976575253598 
0.5147717305955657 0.16407529752953887 
0.03168838892959286 0.11694722909641098 
0.6155619016797622 0.4722371519170088 
0.9126966629658333 0.3346778751903201 
0.3184755055340155 0.9704509721963621 
0.8727236541036266 0.7549212201532666 
0.7200563511164126 0.1267447727299823 
0.08229155895288331 0.6240078334774645 
0.4568910312153117 0.9045305445466324 
0.12072731463086211 0.8861026593626601 
0.6779975900389869 0.72295537946452 
0.22652285890706797 0.388573044390131 
0.9667842950158292 0.45991935811436147 
0.45186981061327264 0.46412145232049207 
0.5577633412076823 0.03331460858465346 
0.3017333955725584 0.6925794795981285 
0.09734976507067233 0.23290140298590517 
0.9133611663951461 0.9618276132750528 
0.39803652841693493 0.16080733703778716 
0.9618474884732775 0.6234627601044659 
0.09928429961809143 0.08438645974822584 
0.5082655958219761 0.3142076756327653 
0.9646376256138032 0.16118959718168246 
0.5061919178379278 0.6219715602444527 
0.567251375415889 0.9001010951038595 
0.04161769873816357 0.7510688081962993 
0.7386419425444806 0.5212201482506739 
0.2720862254531674 0.8434673082127555 
0.7357006534891555 0.7935100311219597 
0.29972444030133294 0.2616442627867091 
0.4947905678313058 0.39898797203503295 
0.8037976679915312 0.39700933369115365 
0.6853499024599685 0.5779936834398685 
0.194046987868076 0.6593912644441344 
0.8660453735713765 0.17614959621663961 
0.7366555768981261 0.06854997150258285 
0.03291514331677364 0.9694468750953313 
0.6145037137914002 0.8456515790049508 
0.34807275713942537 0.4448672573652622 
0.22785300679796872 0.11866871691079589 
0.22464569485264524 0.4905077379886859 
0.4296824714547986 0.8277205165712782 
0.10286711874785254 0.32161741921620685 
0.9655243947111289 0.7462157629715984 
0.6078712767739418 0.6057060027347079 
0.09917911050492112 0.4638887375161848 
0.6704284533592945 0.34705380866195756 
0.03831522532230969 0.8344814471959956 
0.43300543733363817 0.6332948153550391 
0.8508665493843751 0.2616990279347821 
0.89778855188696 0.5604124523283978 
0.7226364607968625 0.18585502941792575 
0.432946340089548 0.04086878232478003 
0.03421267562316099 0.04093689156216879 
0.909660142988371 0.4833465979300509 
0.6511762571083244 0.18528745863986368 
0.03182023536431644 0.26272294569696564 
0.7929876333572716 0.7680719529397548 
0.5917240993039036 0.2949433189419054 
0.7458000932875257 0.7104551459271546 
0.9797316879275986 0.2786801061781427 
0.9064758733926231 0.8710496575696245 
0.44867459478806393 0.20426026413593978 
0.16849698675470032 0.9584029362260604 
0.9564696797366886 0.6850655933829488 
0.7872542703936434 0.02384432570784295 
0.5524626777709295 0.8222318239779456 
0.2259202439669395 0.2576026371273546 
0.6894327272678711 0.9801515773761897 
0.38511742898427 0.9537110189135332 
0.19742361905956618 0.816496911886031 
0.7793389684653884 0.968459833714076 
0.40340929706599615 0.4069244601919718 
0.026161371683681822 0.5935115465256414 
0.5545987352941086 0.4544038937452019 
0.09671811721405355 0.7066704821889358 
0.6544933984696495 0.09654479252284853 
0.7811323757399579 0.8505460738548454 
0.8411378970024173 0.5121910879429001 
0.9632552099832928 0.3838072302988283 
0.5656312621975591 0.6469634107624544 
0.6724092135345634 0.2739208891533581 
0.716216094988233 0.927171607004664 
0.9564132851900095 0.02038385772415069 
0.8793053519765981 0.6278681140223251 
0.5160971230890817 0.0908887298724102 
0.5103392160111643 0.49774331406095457 
0.20946688667148555 0.8913460082534652 
0.8234842883042858 0.32994679443448865 
0.2630702133344154 0.036243622972379874 
0.3841612912965513 0.7318087246789851 
0.04509710177201426 0.5213247283279377 
0.3095692048836204 0.7739747865486493 
0.3347243183079126 0.5390309336081043 
0.2783141326197599 0.33030764616601677 
0.3506822769353557 0.030632219585295273 
0.3210728283918338 0.14968669126237477 
0.7377835395381405 0.3894186872895508 
0.10006056887737391 0.15918326529812887 
0.42747010171844757 0.26849435124355336 
0.2634776073976336 0.19210018250901012 
0.2514697566225083 0.6385640932820544 
0.3824370713785168 0.877399533271857 
0.7962851303816038 0.23381749738616564 
0.8836671466965846 0.39428519110312704 
0.463227064822823 0.5603174769767703 
0.9750255094762744 0.9696810143392807 
0.7896288681975805 0.1504885506612843 
0.5374587060048641 0.7592648481649229 
0.8520071357711656 0.9021123114990894 
0.12682091501015208 0.3842931924860761 
0.9643052304171031 0.5450072404612455 
0.030156612758953205 0.3290683014731717 
0.11068244964565793 0.5498816298941505 
0.2546443246576957 0.7665993571089522 
0.8847003644790128 0.6932154943903927 
0.6692759934236295 0.6557181790941904 
0.9277171575648862 0.2127291965422527 
0.3865312398597138 0.5787818849975391 
0.6629524700009397 0.7927207082161442 
0.979622736038 0.08537734848565337 
0.7017680720012783 0.8630679784905757 
0.3801075433074527 0.1018691246019966 
0.516373289552338 0.9536267588252867 
0.35598012515492294 0.21434178750045618 
0.5808932998504208 0.12359961113810497 
0.6137975292657135 0.044397037707594456 
0.7344531161228655 0.6486883266628014 
0.312018267775361 0.896118775329833 
0.593904950752629 0.9677912710657975 
0.747516951044206 0.5829636443205864 
0.10805666548452098 0.8073752217032489 
0.03990356126922073 0.9102395803408193 
0.25666996745054443 0.557382956205029 
0.4509551909534925 0.701317959501716 
0.3461394119887795 0.3652774093198823 
0.5020172097217129 0.8595420557449821 
0.28258395470118225 0.42536430159445615 
0.6175875414926293 0.40740040494528845 
0.6891392821806812 0.4296431349722728 
0.03159887829784247 0.6772450803748029 
0.9294138466259843 0.09106737677672888 
0.17504405460932915 0.4308352580646885 
0.6078756347784375 0.6907373211444202 
0.5145766750151968 0.24517121720133306 
0.2475858387389807 0.9617667277201649 
0.09739112349278545 0.966762219006155 
0.3942264208501344 0.5009493561291016 
0.5206920870086005 0.6978791342348811 
0.1912333774960578 0.3266655413017837 
0.1883721894621665 0.5782814284290676 
0.9169671017457406 0.7996411731294685 
0.1631038424250677 0.11664533300639757 
0.156848390870781 0.2675834938727631 
0.5870624579937569 0.20971507063581135 
0.5663942972591165 0.3712396070726194 
0.915333565366454 0.27077553087849227 
0.6477918906750728 0.9173258579203483 
0.5463533340298333 0.5523329372527679 
0.35819983815936407 0.8185660854854424 
0.2954915161192085 0.49611932710542683 
0.8208876924282117 0.6983386343920253 
0.0321365726350894 0.19015418502113796 
0.026451391560776416 0.45771006918801777 
0.7745545976419681 0.4685840949237845 
0.49166144960268243 0.029650552935289842 
0.357413325119284 0.6496482928857815 
0.6051064797109525 0.7604436972156219 
0.1582333617660442 0.708175666188933 
0.8736001460785727 0.11610862391337667 
0.10289562290539084 0.023924501939950438 
0.8170840954377587 0.5694081216895056 
0.6160782600118268 0.5365918889041922 
0.6759419400302122 0.5106734242698062 
0.1402179686717438 0.6357001896069839 
0.18306860949308124 0.03541417492093751 
0.8500671692162509 0.9718420118914866 
0.7386042006047617 0.24554451995785165 
0.9711715771748572 0.9019454098795392 
0.6829880752346691 0.03068456682524684 
0.18083534426465658 0.19006303849304923 
0.841964742340685 0.8214473281087896 
0.8535528221385766 0.45027592968201324 
0.4476500936717794 0.11929903531174701 
0.21447854906039154 0.729707916350101 
0.9709694322256064 0.8340464739591391 
0.4391145919556353 0.3466102577365762 
0.8189473170437975 0.08974604649146056 
0.1601561793746527 0.5020295913043348 
0.4531709638608238 0.9707248201179697 
