0.28534735196911326 0.9189365989482379 
0.4322347992707266 0.13169411648003082 
0.7308370330611621 0.7100637626885102 
0.1552384241817683 0.45684483921388747 
0.8289530268468819 0.26764960568880686 
0.5666133203470316 0.47439604882652353 
0.0489388040156673 0.24099542654709166 
0.8826658845518092 0.8026161209430984 
0.16312835833086825 0.7808144120008126 
0.6022924376490746 0.9000829334241696 
0.8488620344663919 0.13851126758175336 
0.7794819241170473 0.5218159985054882 
0.3851972772413532 0.8058788213008071 
0.3760707353604723 0.48947653325818663 
0.6853734919187415 0.24893699726565743 
0.23221960294588484 0.24169917516429829 
0.004557528868893546 0.9417039682382526 
0.9813490803185145 0.6135145410162521 
0.10539075255696029 0.006069767068771492 
0.6055873452405928 0.6435972413108698 
0.8621120989651934 0.9565703745377565 
0.388019384510677 0.6637508911934831 
0.06675405096617254 0.5809702375031655 
0.4259322202391299 0.28659503074759435 
0.6018007129498729 0.09029026102140414 
0.937685926594851 0.466936669856874 
0.9973066537103469 0.31698120819902725 
0.3225578620534352 0.008366578754413823 
0.23023882321223882 0.5535664690349612 
0.5332277724396653 0.9339163062063703 
0.5562269707236271 0.22238970187642126 
0.784778084989824 0.3861649178493518 
0.7168701549177176 0.9157910650983749 
0.2397391804111106 0.12694607305178246 
0.9807124467860284 0.05095364374211475 
0.7393311666589802 0.0251915717728477 
0.5287121130817074 0.7752815777382165 
0.05107667432964785 0.4047479214499652 
0.10570675872497975 0.7348696594568422 
0.16199268280913282 0.9216195208157987 
0.25650305937530227 0.3364782601413858 
0.07432528231485525 0.12548169011164828 
0.22652749290117907 0.7128916959797212 
0.9235900822371412 0.7111369314206399 
0.6498794593014068 0.4681786078312035 
0.45430427557407177 0.5790421281600893 
0.3852848404789197 0.9725915120976981 
0.6166770334749446 0.39776280876980835 
0.9502892096302618 0.2662819138305576 
0.990321911666802 0.9525459737533051 
0.41769653980238974 0.05437726416122601 
0.6763834120876536 0.8076031736816477 
0.3681037780984901 0.3306407777983646 
0.4523375281452948 0.3693972025838295 
0.8815724617591324 0.5704759750206171 
0.26964720513339246 0.4395490211807767 
0.991274509727485 0.8075481867481027 
0.7456562042913417 0.6673409707350334 
0.9053377330022111 0.3961191230918782 
0.3231111097956041 0.2323394271315184 
0.1873265946342349 0.3454344723489455 
0.15618685721496778 0.649010880119513 
0.09477826250186977 0.8661268875879196 
0.504640385458177 0.057649900382697516 
0.9248673559725002 0.16545142596278473 
0.46409794304252855 0.880387880296462 
0.706562489796537 0.08355960453348371 
0.912252375242708 0.009147807732435065 
0.32778398417567434 0.7244396215707811 
0.3189771643591278 0.5297702139663739 
0.03351330863037222 0.7385395652200328 
0.17235877006146932 0.20980899382148682 
0.7504171413048719 0.16097265379327264 
0.2341138994261574 0.8251594485939661 
0.028389327346188875 0.07544612630937964 
0.1496426204138882 0.9940849448242941 
0.661966480967157 0.5376664456041924 
0.5348903046031577 0.5789455681310175 
0.30271936162186686 0.12706170448204168 
0.7866210393089168 0.8288493841887907 
0.5771672307677086 0.8112106959758323 
0.5346463570219102 0.3182576675420089 
0.9228127809915294 0.9316363720283933 
0.1867126563012289 0.02633077732685163 
0.5202505494470552 0.6504732137438831 
0.10935635497089813 0.5030370986467516 
0.8495201532435253 0.7312877388644767 
0.4675093095737475 0.44571446630321493 
0.2670937336594542 0.6423619257882125 
0.027396272590957504 0.3439345460520653 
0.3865207362867116 0.14959926508379745 
0.6966137191990993 0.3610088617804937 
0.6382612685465943 0.32052004550343927 
0.8457460651375474 0.6569224623735266 
0.13638796812848197 0.36094453884970834 
0.517742638660814 0.12302351043529297 
0.7600549860851431 0.28448032593676587 
0.47924272790668215 0.6891238343375521 
0.7607711871549606 0.6135529881836213 
0.12623105665449202 0.09001110651664546 
0.6635372535828336 0.699596331202859 
0.09149125221346294 0.9747113881312307 
0.6302421769951984 0.1632895842951747 
0.3530299773748615 0.3955686185628845 
0.5896498941025341 0.9900719016250743 
0.8102353403673317 0.052462085256008706 
0.9436316080547751 0.8753005259899183 
0.12018649424088185 0.28884018696828406 
0.04836940798543066 0.6630702882940046 
0.02971603901960379 0.4712488419470273 
0.4576935214826342 0.9779928430892508 
0.5092527101161349 0.2215414969887443 
0.8205515703994708 0.4437827324096596 
0.36709629336666494 0.6207527598579479 
0.6149915140233427 0.04423118256895453 
0.2922264643591096 0.9376209089482328 
0.9901525347898852 0.3958377984466497 
0.18098987557479235 0.5810305440657728 
0.7253452059959111 0.4365415464775691 
0.8414819555172186 0.37353698578395045 
0.6950918328216116 0.9890225632586446 
0.8040436647942286 0.9275897634842046 
0.9674507472611951 0.5642189039982278 
0.4126117433060486 0.20833328542544832 
0.8828770817801357 0.22842940155013575 
0.6868292258313285 0.5579302829015271 
0.026495639317295816 0.828674506132405 
0.4104610364512019 0.9147994045573735 
0.8421183539229234 0.07428255293652047 
0.3639034179028864 0.8251410802798844 
0.2262547159574947 0.4511698165497814 
0.73341367149289 0.7857062842342291 
0.5761490503849539 0.7065069057701947 
0.8539957765730946 0.8489243606951642 
0.38251720706794023 0.7307344445720565 
0.30342821643735707 0.05032858224721143 
0.9893168903703145 0.7467190677814963 
0.6080221839103153 0.277815311585276 
0.7904652276086213 0.7387677004537139 
0.8746406596550018 0.6078079805597766 
0.8003111734978919 0.21645638468719064 
0.5041284785730957 0.5100332623207592 
0.985985223748121 0.1775358237722341 
0.4436413493093675 0.7979539317978734 
0.9417803673387994 0.33830413878747545 
0.6393393527299437 0.9287443884192264 
0.3307443237816615 0.8595668993479817 
0.15950000504788098 0.8714572863681351 
0.6471885616162636 0.7630773481175879 
0.26219553053587097 0.9677951958488638 
0.8513048384942719 0.5221669632609393 
0.5419435884045789 0.4158704979243277 
0.3142923759515489 0.7521415982075166 
0.5949791770581111 0.5368793094867925 
0.11005720842318545 0.17146006321659435 
0.8932797730569831 0.10304576009632038 
0.8734550698322274 0.3184995674416535 
0.3134557769444222 0.352591280467891 
0.7199019661809993 0.8675273943391282 
0.3327854407614961 0.4681442706428296 
0.6480055682726173 0.20893657362829537 
0.16020400601549456 0.7032549100070387 
0.010227691409731454 0.5720029218485047 
0.1193995235985682 0.9017302992663044 
0.3529859616332689 0.5975197273301724 
0.7153899752699298 0.49757815385501947 
0.35907474706073106 0.06704868685616067 
0.5598116307271594 0.13853595036812438 
0.45930931331915553 0.5305253622302878 
0.08963025663317464 0.8059419341624724 
0.03631682342030779 0.1243135760335004 
0.47070181524733506 0.18053330376697035 
0.10061473266181786 0.4100308967308586 
0.7683279444902157 0.23878398895562464 
0.26604330979792845 0.026284891780625097 
0.7837531519366459 0.10604196790080467 
0.18000667176825513 0.5082625184354437 
0.9516542912988498 0.663099216810495 
0.38504328772376656 0.5376096639780914 
0.6302537957016564 0.6111596576007948 
0.24231918908728528 0.393406130315109 
0.2794294120780349 0.2287115478787315 
0.03484918735093212 0.025334537123574807 
0.13710776370463668 0.5867779855672814 
0.8118104705537292 0.5679910430462338 
0.564091488371176 0.033057265539651215 
0.25598841741543266 0.8866904318971895 
0.9221565059913547 0.9945815934250992 
0.47046158008108285 0.008471430863402518 
0.23363730590397752 0.19214389558996076 
0.7071797018908013 0.30126177650886155 
0.07325503308322157 0.29966819057838706 
0.21485502342782453 0.6273597453437858 
0.6776898666713602 0.6337759626326125 
0.04110689395564948 0.17754410316918612 
0.4617367115482098 0.6354642529471295 
0.3199462262359266 0.17257766544050873 
0.9763171713665735 0.4795169065794487 
0.9374572380277744 0.7849025707130977 
0.5205762959858072 0.8579745530787484 
0.5357727915132466 0.271102024975349 
0.9187306748858863 0.5588957819391737 
0.26439415557707957 0.5795394719214562 
0.7795101649058818 0.3233904704520163 
0.2926785161141542 0.2821292545521638 
0.6845040611224779 0.13672924702923273 
0.9027607855904543 0.26990935664335736 
0.8027697871185786 0.9690324212773185 
0.46655115193110763 0.30956595111923546 
0.4089709030010257 0.4315393665588019 
0.36708779919287715 0.25233802388110266 
0.734814494906056 0.5651002502708025 
0.8409574764131792 0.8846124899155021 
0.2983926629200964 0.6738252299448515 
0.657483321674638 0.02133451204943354 
0.4044563077994502 0.8575245090386545 
0.04593076698637327 0.9578815270296426 
0.4258093303883702 0.7077003501268309 
0.1497125087890172 0.24605973151904104 
0.8374265121882146 0.0288170676841088 
0.20389367824298626 0.9901068615733692 
0.8984835478125339 0.470118633086857 
0.2846488443094527 0.7822045081709904 
0.047330926902881376 0.5206512804323864 
0.8034745767098808 0.6181549223791354 
0.15925824231784874 0.1516202308424187 
0.26362031325167157 0.5068270966034228 
0.3078874973220188 0.5915464161613025 
0.6785239849394084 0.40486054219676193 
0.22599403643968086 0.7946933830453611 
0.5905674995380287 0.938948684000662 
0.17758228381454277 0.2899493296842086 
0.9489223763027893 0.13211490046623792 
0.1914663838759249 0.8503794348503246 
0.6732758305869797 0.862824373718978 
0.5792284869224618 0.39234674026566024 
0.5968292910046208 0.8520742262085723 
0.42749027159035824 0.7537191404035103 
0.09563856477487193 0.9177463686612135 
0.3562554569902905 0.03837731832049135 
0.4269319350724471 0.4738714471662931 
0.7536671258271848 0.9651333470817332 
0.10961328689261501 0.6875782410993305 
0.6846567076793693 0.19427964964302386 
0.2898010083006154 0.4004809442664267 
0.78760173602872 0.8763677956567395 
0.5019874046418804 0.9731413834994818 
0.18982709573272266 0.3866605830602846 
0.3396733231855601 0.9141112293613627 
0.034720894061432084 0.6215577940773034 
0.938756469543244 0.06485665347262975 
0.2132604524447249 0.6693780520373591 
0.2269472608784101 0.9255811506764373 
0.08224304470975852 0.08428740431012877 
0.7917959885471211 0.6532659780441896 
0.642604082843666 0.35105628388997434 
0.922268391579658 0.8257084090171044 
0.47706539798517583 0.7423331431366613 
0.2247634095622808 0.07840357383908686 
0.8197565161942431 0.17097401153413705 
0.47801135716495124 0.9083654024966563 
0.8447579632596671 0.4262870039245229 
0.4628183519893978 0.24566391668889404 
0.41575827984106606 0.6049628750888445 
0.4709793154685912 0.06947729536897157 
0.94153607797627 0.21793365506158113 
0.5043503978859537 0.4102163247442565 
0.19657739780395805 0.09172760846569339 
0.37702479760527846 0.09521197776735985 
0.7795783016469391 0.47522672769389435 
0.6346586270067824 0.9896532319278277 
0.4997105042704978 0.615006444719513 
0.8051820957895073 0.7862056410816566 
0.5518239311707689 0.6393936092366638 
0.005364374819814721 0.29616602918728346 
0.0763258517329844 0.47032636452143667 
0.5673367199600475 0.3045139766664603 
0.491184412626262 0.34305792963230314 
0.9590509542408483 0.4122522976574531 
0.029994192022978927 0.20428761174375754 
0.8977796415703849 0.5347536826473799 
0.2675353463379068 0.14659346111559673 
0.5280926383042208 0.19455215708165063 
0.5461014388496592 0.7105390233243651 
0.054702386247126256 0.8780947741927438 
0.3499457878572776 0.7736141066966384 
0.11679871428251432 0.5461627371733988 
0.6815604891924377 0.7497397260722896 
0.5691994787340258 0.7474363986430624 
0.9727036653958414 0.9062343112200344 
0.12749725521458855 0.24206116205696993 
0.7164916868311282 0.21863529103357088 
0.006705446425243733 0.38827590143325447 
0.8776337405753285 0.0591272336321117 
0.224947685730855 0.26920852708635234 
0.4892494321300641 0.8048765719412971 
0.3586756612775015 0.2957980245859273 
0.5564696017306399 0.10440342784109846 
0.06185453757324194 0.6509591030127706 
0.37104637445411015 0.19490397713929736 
0.008429431492960937 0.7866608495768503 
0.40449294474038655 0.352906225724236 
0.06946025435219738 0.34818064219063144 
0.8820038923369311 0.8771301398867195 
0.6207788772538161 0.19609825088213234 
0.3109616803190775 0.8269407483126029 
0.9632398936446871 0.027717483980565172 
0.33194950735095163 0.612432093550375 
0.5065047084886523 0.4452176673921737 
0.9905356095760806 0.8627696600817378 
0.32781275149194866 0.9870521481228403 
0.6314150032953629 0.8087175022786328 
0.6163805208331461 0.14384506731616586 
0.583171422528034 0.5137072329603803 
0.10870827627042834 0.6368947217444347 
0.5997681943049287 0.6799761364866287 
0.7502561774913374 0.8847460367105305 
0.12944288087290706 0.8263433230426643 
0.7792046383284033 0.6918927725457634 
0.5591829761774237 0.6105730977488568 
0.1732834664439052 0.547611504801528 
0.2595882460288781 0.7485969912953464 
0.5685815852750252 0.8498706019744798 
0.38205193751745065 0.7078569034786573 
0.6003345443938458 0.19073021507706756 
0.7459692423039194 0.07811911084492473 
0.919628163599485 0.612691882141816 
0.413702861969663 0.009854912666944604 
0.2868100700744652 0.4716065362507587 
0.9219467704871779 0.6687691902661894 
0.6096420022048694 0.4981809723692532 
0.9554469345887663 0.5124884056905309 
0.36424247138966726 0.44739380358787423 
0.8150445725312373 0.3124897105838753 
0.9662703606678451 0.71969917145588 
0.16563195150689186 0.38498291225374975 
0.04472786838893622 0.7901070687391092 
0.1526391364675624 0.007434194081834822 
0.8859185964030627 0.7077776299256128 
0.8768999450402128 0.7578743154984492 
0.7198731913366736 0.6097870039929307 
0.5644748199684896 0.45039684931142365 
0.6428704580146862 0.25455032895428387 
0.44998738055583265 0.49752854639579075 
0.8648810705754515 0.19737308111065216 
0.5743562413544224 0.9030789166712772 
0.7395516086178865 0.3929742856141471 
0.8497124635011262 0.8087525151014952 
0.2377962919294238 0.5834404712022392 
0.36301522916775036 0.5531694735541917 
0.9018241275816778 0.941675056629981 
0.7401545784025679 0.830195680655984 
0.33646573493163257 0.6769460270880958 
0.982583118409357 0.35957730162000767 
0.9019752320776071 0.441672896788766 
0.8605973127117803 0.6878560891724042 
0.640680310646682 0.9655614580243529 
0.9865765562375628 0.1255264253111294 
0.6139658362795742 0.5750479461316407 
0.7410021700753542 0.18185611535198898 
0.10629110157329391 0.45923161511687466 
0.1351300567420577 0.950611666305925 
0.8251470166193491 0.4793947585546642 
0.35299221788820834 0.1420729523243201 
0.6329609408457677 0.718522710267961 
0.8577004305617337 0.39079979006401555 
0.6031991005463428 0.3408975928958956 
0.2136902663452091 0.8912685556334142 
0.5097284557336857 0.5359871776140124 
0.48526481306816227 0.10968588389223599 
0.7622915119120507 0.41706955139042723 
0.6028258839628478 0.23842972098162735 
0.6388402449003312 0.11339531161830618 
0.7098763027131394 0.6764100005585492 
0.4391337565467963 0.40283656515314914 
0.6865922553792725 0.43389353343646525 
0.3118093984083695 0.06996510748991508 
0.6737507032475687 0.9379303956689206 
0.4184393221812145 0.9658336844109214 
0.8423232352859329 0.10379002890237116 
0.3811573889201608 0.8831212318183751 
0.7395165966216101 0.7508534237089637 
0.43255859906484484 0.17580719407552448 
0.5284809751204116 0.3714684725728372 
0.12402367836152861 0.031153501075890544 
0.19106473063448498 0.47876023967420445 
0.6110873825048861 0.43707936483889664 
0.9175129826609663 0.881990633675606 
0.07577155520663809 0.05826949347740451 
0.34903272909030714 0.5130226994753123 
0.8195118807490696 0.8430818758262126 
0.02820047412357285 0.8819853676787797 
0.33594763928569726 0.2804540314157651 
0.016328305127496667 0.6743062806371988 
0.41406548626237516 0.6498384211429338 
0.7255373547057824 0.33804017837585804 
0.2824718135343639 0.08139685131248348 
0.8888127653676482 0.5013113868897745 
0.40911735023696627 0.3136521677311224 
0.6981579882961167 0.021630903697180792 
0.1362799003409641 0.757315742565192 
0.052726569495248676 0.6980911652401205 
0.20154583094296635 0.4474065837732646 
0.5281887272279203 0.5102884176609308 
0.07592113533570605 0.2276763254830061 
0.501580095023794 0.29129727739897104 
0.6766386804502066 0.47644172237867394 
0.733592657149248 0.5389738058251985 
0.6620770224652563 0.07437541845250645 
0.28097626273325893 0.8857270969234992 
0.5261172796355664 0.01679105457882457 
0.21246351846754646 0.8209438968807696 
0.1860125672628834 0.2482884626737385 
0.7179118966564279 0.2711461133333639 
0.9650122462244415 0.08880380537177435 
0.02550796554828416 0.25650582962717533 
0.37723444649331983 0.7714681148694083 
0.24646157025798482 0.0435299547195071 
0.879235348159912 0.28960394584602095 
0.10489331954094322 0.6095404478296708 
0.9009672147403716 0.9827028643232465 
0.16158361744402983 0.3382552410957931 
0.7027781323916495 0.3386291915683012 
0.8675473422762925 0.9917508715228938 
0.7734112482345602 0.026742601821485634 
0.7751366568448532 0.20806370465865553 
0.010923308670669263 0.1479997439997462 
0.2638470145971041 0.37247431341312176 
0.6006352760767142 0.008789845929013607 
0.5585783753797947 0.5490217066348444 
0.12822564013187476 0.13875549648952018 
0.19844258936292852 0.7449763593216769 
0.5911612857793082 0.7731620820803806 
0.9863874966126609 0.27241386896297154 
0.1857143252556246 0.056794232760568275 
0.9661288102179469 0.8283590016491444 
0.9824239937223689 0.443429516274751 
0.3551141226038592 0.012740061564504357 
0.6742316424793651 0.9138384674471783 
0.9784037844862821 0.6988506481315939 
0.8770723725403042 0.6483449825516503 
0.3942590345961604 0.5880030033821272 
0.8179996299094826 0.8945701255663916 
0.9926993528258232 0.5255824212940954 
0.9062846961522522 0.2992281940359448 
0.262518969977827 0.2963372280999551 
0.19422069822086419 0.17250150718572577 
0.44937276307656454 0.027496676154289856 
0.013840569899582822 0.41443684528103425 
0.647319482387615 0.8891502453210514 
0.40349192217819574 0.5151065147482411 
0.6558648067585744 0.28074449627581577 
0.2178398111081517 0.9589278971799367 
0.1384511157679414 0.5344643769041532 
0.06966914678704217 0.7734883712528056 
0.7587147502454015 0.7696761122752216 
0.5449624322682767 0.8881847942063709 
0.08676565017839899 0.3754988915399935 
0.8869660031121873 0.20887086182175157 
0.09618710179186757 0.33713190648038843 
0.8771695750451456 0.36974254809353896 
0.8692868095581893 0.4717756683934111 
0.9939471450476586 0.9921909618555522 
0.2614256276034386 0.717090511613158 
0.8770721405975005 0.9154243756919331 
0.566469615008035 0.9657148340811361 
0.015803369413155743 0.9942705945613284 
0.822037749047879 0.7084835508245492 
0.8096387448860368 0.24136153949764233 
0.5333425189676605 0.8228111738447164 
0.28072734137005967 0.5436525226314287 
0.382925475469146 0.4011520968455287 
0.2675250804739634 0.605800289483272 
0.9143838881718225 0.05110091456654581 
0.9284618063344653 0.7439212105352828 
0.5306791475983818 0.0681793065299991 
0.3253871274833354 0.6572252801319459 
0.9522871514886317 0.6103766552199674 
0.4818781614996787 0.9321497287005851 
0.8037625203788816 0.1473586832942615 
0.0660460352581107 0.4415733806893613 
0.5390767904513781 0.1563916811003746 
0.6512352801393482 0.5760921378509523 
0.9888887110714958 0.6470731834336365 
0.653940430780846 0.5103283939249098 
0.3066121976545625 0.48651950209161404 
0.3852157347293864 0.23932025215069547 
0.060473728299935914 0.5031248438872443 
0.19069600397502168 0.6045582116595721 
0.3704267209780004 0.9091150105337326 
0.4967866017507307 0.175350949227969 
0.649181941464579 0.6672143536047608 
0.4575707285433349 0.7637024445837542 
0.9593548399546774 0.9409996222930661 
0.2804597877260595 0.9811325095878403 
0.21101883790960907 0.6963201079457546 
0.8297204215960443 0.5228861723215261 
0.4829850393328289 0.3692803064321171 
0.16331974014151496 0.0990859675296028 
0.8105708926414215 0.41148941116634097 
0.4314511238831375 0.09831024109794073 
0.8994868366720481 0.144478375820759 
0.3115054283847516 0.3882500009971858 
0.28220106286308044 0.17465823980178058 
0.45519837027603177 0.9317068297843152 
0.8835834464934069 0.01042136730723775 
0.09483339266640284 0.21167717832947408 
0.4251074541656819 0.8855104174778683 
0.1362853727392525 0.1874474942519196 
0.42812387093152926 0.562401597115942 
0.2372499646008226 0.4998592411301401 
0.024341326042429834 0.9061609240564541 
0.12801765539509952 0.4651541430890169 
0.5653619141080161 0.35835486965388164 
0.33973259072555173 0.12298033123160834 
0.26716037564019 0.2555117032025932 
0.4593985639393787 0.2239572818868968 
0.22624335397766182 0.3377678922647278 
0.8142082373457233 0.09857847296532307 
0.1740299810433919 0.9782559051131782 
0.09745673662416071 0.27046898459619984 
0.8894410933092842 0.8246957847954721 
0.7246385651900759 0.9593523894493254 
0.5176388441280738 0.7113231862161635 
0.1236448826952532 0.7071939910581523 
0.3678241449422288 0.9578668788759926 
0.8328836913667743 0.7657262966635185 
0.3908693738328593 0.058667248166922426 
0.03511358760700445 0.3179645559375591 
0.015152626359292765 0.7312127368072789 
0.6982022864203078 0.5238135766314608 
0.8302512059852616 0.6070799648306667 
0.3270966988216585 0.7937709151705542 
0.2645765206582362 0.9458629434333672 
0.7998822693971572 0.5490082378495988 
0.9826315282446526 0.2136775224736761 
0.7450080480109259 0.11236487314812826 
0.28247186380550254 0.682312907762238 
0.4540089855497472 0.7223280559811641 
0.02546771070773146 0.01014617683366803 
0.20835704250786347 0.11432702277805373 
0.17841873629996818 0.6600127966701116 
0.8627836540718976 0.6221588073066606 
0.480266501218252 0.028883458861829525 
0.1294798338927961 0.32480535737724503 
0.9000926873576969 0.24290078535467663 
0.28497411036608067 0.32387097550056493 
0.7169304258808632 0.16189711769189508 
0.015677743576873515 0.19097214067119378 
0.15777944213595768 0.47605439591056786 
0.08086303863244138 0.6961544892421959 
0.923593488571506 0.3654110511632053 
0.9607783278073401 0.32476637811093845 
0.7998377329493163 0.2929676398567667 
0.15562061565614255 0.8277255497553738 
0.9343495146465339 0.10174317108067754 
0.31226426021926335 0.4206463400990503 
0.3846205383286353 0.462107947366653 
0.3298657918907183 0.339991955259068 
0.6986319344293676 0.10173396269939322 
0.01536300281614883 0.22475771675711292 
0.7622963256142086 0.5694747100613001 
0.1674313308693841 0.0267086412050766 
0.5398247632719068 0.6195620675922262 
0.28111579003967113 0.8335744298336278 
0.05529772250428833 0.968204491984843 
0.52806768917358 0.25459272107383896 
0.1824916464303999 0.4112115169667079 
0.40240874711975316 0.2807482684585818 
0.7557950903291799 0.4752336262076229 
0.6211395639715446 0.9626721546535506 
0.48514313865052894 0.39531719806887666 
0.9543620407603964 0.1883411981978687 
0.4909894115854832 0.2596587816985166 
0.31673792966568204 0.5542084801268435 
0.7824245591401616 0.3435220967184911 
0.7342906372032283 0.9364161837675302 
0.7792650861680599 0.5015060179101429 
0.20518474642900963 0.0010414470121444808 
0.34160163379776665 0.7042484570122024 
0.0736001448957257 0.6084354095006588 
0.1278333332303097 0.3946838932126977 
0.6983356684655516 0.8260762810183657 
0.842533267861819 0.3180186653566204 
0.7531212056140948 0.9039772566161282 
0.02787259486468091 0.8484383289009645 
0.753083664344753 0.7902795299367495 
0.6840711374567837 0.7075222932488453 
0.5866355937781799 0.11780323220075573 
0.47452788456107337 0.8350653411460407 
0.12090294014066644 0.07065418078401203 
0.2216282128521505 0.36197620279303633 
0.05453012239988192 0.8135957737023037 
0.3327426327800539 0.19322471782155198 
0.578910563207083 0.5839921391281184 
0.49571220150652473 0.13049021431030905 
0.9868866618201418 0.5782065468151394 
0.06326740849215162 0.9436470998858809 
0.08021936552910836 0.5202467274094865 
0.783994892498509 0.9168020203564109 
0.19804524014842467 0.7833756893222177 
0.9323653304488163 0.4395382167298101 
0.07679168026720601 0.016597588864685653 
0.9907571547055865 0.10714031959353931 
0.35696710589656466 0.7506564799632476 
0.6446543746653415 0.4227705005037266 
0.6109528377144235 0.35635357012922114 
0.42914967319191 0.3271123527953129 
0.7197994999756052 0.4606639895449097 
0.596822413080919 0.4053296399310516 
0.6730973764629669 0.3562175330294474 
0.45288749868498746 0.6096050086076638 
0.03750486917694812 0.5462111429282298 
0.9327988064676284 0.5357278433416856 
0.1686174826172751 0.7592667992762818 
0.21751796738352608 0.03303510032289764 
0.7996797314380744 0.06826143666856666 
0.22245676555500815 0.2887450925810371 
0.05114958663611441 0.26815115885329077 
0.4660421205389295 0.13036589643231022 
0.4740505784708557 0.774941759619851 
0.5223420979132858 0.6738326808051129 
0.19770127874735854 0.939202526627323 
0.7408929888722223 0.6460197494530214 
0.01029354647580727 0.5085567593914312 
0.1846526087165833 0.6379367593248303 
0.35231803955314805 0.23048707845527944 
0.5176563929268734 0.5985409193690858 
0.8552972783775614 0.2200415323097713 
0.3009231101906652 0.22686445768791252 
0.23874630864553537 0.850736568613372 
0.5948233392034861 0.29703629702631384 
0.66532135567258 0.7925729966795864 
0.9770941133422073 0.7717015067065272 
0.708195125004855 0.4078653629940998 
0.013709666497905504 0.6087250625044279 
0.9926393759576715 0.036759742478600865 
0.5480005514201078 0.6762571752974023 
0.8315883535746175 0.574469627458142 
0.26165972875212523 0.7992775733789954 
0.8224150854248177 0.9326952551485861 
0.5427650016003973 0.49040925040817795 
0.21380183993662172 0.5657603725523797 
0.1123182345712157 0.8806155244169537 
0.6682902637638469 0.14380859210702196 
0.3315432628915771 0.8927091967576002 
0.09603340676354843 0.1461093466217655 
0.014410562081700662 0.6486682356052484 
0.07326205707914601 0.5556147454057724 
0.6876208278288752 0.5921686158309395 
0.25100331299747825 0.4316405205133294 
0.7494618339897146 0.22309870386081276 
0.3049912432616121 0.1545890503739814 
0.09585509550017457 0.9539421084633838 
0.7071976989458573 0.7340591451491261 
0.6167075426652509 0.7453657152739723 
0.9526600435748138 0.5796794772908653 
0.41588810308039703 0.39308891585701855 
0.45794340909192355 0.6872260520972124 
0.5027150186123238 0.871945400217188 
0.3032436412171325 0.6306263150768667 
0.7890993002607221 0.19545510972775776 
0.15823350114803236 0.9414285486314674 
0.4239620478827821 0.2425495769944488 
0.5430212496676287 0.7466721652324331 
0.4877396845645881 0.6411287761302457 
0.9272170726089335 0.9060070582919411 
0.41656722473980756 0.8362994958309031 
0.9535917423900497 0.2878948757809743 
0.7648560387379906 0.5462338099055832 
0.3079016018567022 0.02453209654169719 
0.8209172194197467 0.6652533672707297 
0.6263316204658491 0.5132471279711815 
0.4623558745020885 0.48113982630179525 
0.6183269409435351 0.6902535795081592 
0.4867185882452175 0.5624254142545565 
0.6409720449583981 0.6439293234041752 
0.5811434026696539 0.07426952618545868 
0.9501485495230951 0.15506199280503324 
0.16143519400331213 0.7288953828677069 
0.5148679048529549 0.9068254803390703 
0.6108871538103556 0.8724933135576531 
0.7988125438801206 0.024005799808285544 
0.6230978385762074 0.01478766253989977 
0.08665191689922275 0.8261094591677065 
0.05117969177246334 0.7238345704243885 
0.25999764694847755 0.8649055677928786 
0.011120622298647687 0.45605053871534285 
0.12873704274199715 0.8622290184132673 
0.02395109162159259 0.10711311893997716 
0.1102878418947178 0.7876683831564015 
0.7934115001857893 0.9925578499913776 
0.3389922788002046 0.8321275826325205 
0.6343214119018595 0.06357522469979954 
0.24191887490560132 0.6205095874221042 
0.5979061997629904 0.6215810828450815 
0.9667143327301952 0.9757061949958138 
0.9045096856837931 0.9155020507303884 
0.37536235657154216 0.6793334947869774 
0.06756105300940612 0.9787166858372762 
0.5467560789598188 0.19942386946485557 
0.7048078034166374 0.05643124843147879 
0.6657080062661235 0.3782738243744221 
0.3333368019299134 0.9386362896735592 
0.9597285706221197 0.8058305653632815 
0.13049941875667098 0.44536531293384934 
0.5764889078527988 0.009177539479520158 
0.20663019303183228 0.4113186212593622 
0.900099445160762 0.7687507846417341 
0.19448322685851466 0.22328341930874235 
0.20031832286473422 0.14537864100083586 
0.6686989719498935 0.17233596720123734 
0.12694005483355097 0.6310375316231193 
0.8616441198877534 0.7759862333005048 
0.6150424142006229 0.9919582123658892 
0.08660027181901964 0.7487005616618538 
0.7547108981749456 0.3055358871682482 
0.8254489454988474 0.21259740942308075 
0.3540881992042346 0.34264851360420934 
0.13894621846467614 0.49239892573731 
0.9171540292464384 0.08052457161169235 
0.7696750389035418 0.26440122078722816 
0.8838874263781247 0.5893242153439447 
0.9205246580401902 0.18739643246611576 
0.5614141720489514 0.26767438642774344 
0.15553015893520722 0.0705607194051584 
0.4734751069792971 0.28860049361312334 
0.5548858606296049 0.9235950178372072 
0.7685289878913207 0.14527949287290126 
0.25025355305963737 0.45448710533108494 
0.6162902482198924 0.3055858035126475 
0.4852708577366713 0.08688830100218714 
0.10587008995146024 0.5835183268763432 
0.43220595256519756 0.1477060620297015 
0.3860158927992781 0.4232415886162536 
0.7304557929126307 0.249902363643209 
0.19721438364705945 0.29102642051718897 
0.8810880370098657 0.25544158286736446 
0.04682067613278412 0.34609990909856414 
0.7253442098450349 0.14311477473278078 
0.025212610771124078 0.7726543313429224 
0.006061873707479404 0.07026700801063573 
0.40702434554401395 0.33077632520710126 
0.3101372015372909 0.2050456604790522 
0.2741500575579662 0.10166055304879695 
0.37550251403876 0.5637671839025278 
0.8209380624206903 0.13027200643576808 
0.24171398508696662 0.16892808620549127 
0.3070458739526112 0.7220964992867763 
0.15637282160285232 0.19481804568014321 
0.37075309028616904 0.9914872220412629 
0.7553929206198444 0.7068977379018369 
0.8259437318331104 0.38906156913566337 
0.8720675324398877 0.12324421186943313 
0.9034520412139072 0.8410372744637591 
0.07167846952439083 0.3886070810857102 
0.383475487131412 0.9416246013090128 
0.5092757345149836 0.5749324295987548 
0.05133974680948589 0.8469755824883316 
0.8936081422053874 0.3420599614884384 
0.1794948764087559 0.10756540971473827 
0.14425143581537753 0.3073021765307861 
0.2536071143341423 0.6555785772484628 
0.9820016714381464 0.8913574481274102 
0.07269905633080043 0.10246844611500078 
0.3473182400274407 0.5747148089588694 
0.48535548049107735 0.9949831533454323 
0.14406812078075748 0.6807857535801247 
0.29684472613026014 0.8573153721246651 
0.6108846232961728 0.173026236665972 
0.748766116830678 0.5120157478397683 
0.34385634914158625 0.8642092130437466 
0.912494835538914 0.4886067992961266 
0.7890007605510858 0.9482055418114057 
0.7521528754705546 0.8603574786910018 
0.7003003099997759 0.7997658170396926 
0.5562989821616736 0.07075707479094157 
0.762782335193104 0.685960810286203 
0.40759134562008814 0.7977267043334166 
0.4345020624489724 0.989220085055631 
0.6866581889023549 0.8628238644500534 
0.9661729494589788 0.3783397132525958 
0.8000815465220256 0.33281613181969955 
0.5651276755631606 0.7888591636024339 
0.3119159926169448 0.9188693793299227 
0.43397579263953523 0.9139014456256069 
0.5163048066270957 0.470945527882706 
0.7747228606927077 0.4384726590065565 
0.7009635709642383 0.6577640651618004 
0.3884550983245985 0.3056116205235375 
0.4417939155264744 0.7747807494192072 
0.6804339421383029 0.5090515035085315 
0.39894814964764636 0.09768527131088317 
0.3377687558647831 0.09612397457210697 
0.5344066497926327 0.5462536669814128 
0.9388279889260829 0.008579079058409989 
0.6495716874250762 0.5555209173882323 
0.7541112694841556 0.360505919043164 
0.7192024993946207 0.5455692623933088 
0.6843727010625744 0.8859935077351107 
0.03869487497270124 0.5804701220622837 
0.771510527728563 0.16648808275997867 
0.5897864512817158 0.6572118204909992 
0.8453055932449872 0.5522237397756742 
0.22711517117368774 0.4726030843332351 
0.257265391837983 0.22951250340047136 
0.6348671198243795 0.4616150545005344 
0.43341341743309414 0.3584238796815644 
0.27429285596849823 0.34530157245510185 
0.7566420193585268 0.0661348515495952 
0.027046844283734495 0.9635920669421572 
0.048066460745078754 0.4692345501145918 
0.6877569072039893 0.9496701184174764 
0.3774950496315243 0.359770358876467 
0.8675502931559118 0.3474232074488303 
0.868965415957764 0.4487957115832513 
0.671171027435232 0.2376786926867404 
0.10080751584672071 0.10155977783448566 
0.2607153503683032 0.7770502781626668 
0.8008494550757603 0.4890209597276402 
0.22121188542579823 0.9860929579038742 
0.8166016669622898 0.7432125980636967 
0.7483755991716422 0.9802484313849069 
0.8381966812638612 0.30255507172942675 
0.9281536506548154 0.27662518622251175 
0.6781260663168063 0.32612192778437266 
0.5196131320736536 0.7517111251603859 
0.9552568946242032 0.24846703106763707 
0.7728761804494837 0.7177425761219829 
0.8850356041230093 0.678460292953271 
0.27696227688921926 0.4165146842408516 
0.008644287541032303 0.3470396995533034 
0.11160819385196924 0.37138555816360735 
0.4361445172871881 0.6658748180481563 
0.7103718337422217 0.779913218624552 
0.45379375879277073 0.18655248050618206 
0.061722488486230076 0.6283750460906685 
0.09909080552517724 0.6631719939766082 
0.2203213092142824 0.5261506904832188 
0.3191424879998595 0.2537286431500083 
0.10062144980817839 0.03576601878353952 
0.07512562974909548 0.17217403562155437 
0.9192466825251406 0.32993733901317646 
0.8717923104675865 0.7336608119297376 
0.2047487795051614 0.5055655299407966 
0.08080142702181475 0.41665980441778144 
0.08885924141496021 0.9890456310754929 
0.3932361232792024 0.6240608668838673 
0.3248850117345934 0.30027270310859644 
0.432933459883018 0.30374682735264735 
0.6272165684926604 0.22234683767841268 
0.819066275055646 0.631075960323482 
0.2230617936343927 0.7448464814149167 
0.5028427163046562 0.02084164988699272 
0.826287342134788 0.8704097484214905 
0.9534501377925613 0.6470874427835525 
0.4536382210422031 0.4284663028513189 
0.07085392311603 0.677922590021842 
0.05623533943980297 0.08177565374731832 
0.8291264935392028 0.8215935835821613 
0.948791279496579 0.7017050523949969 
0.526226382187694 0.9646230883615476 
0.7970706314500448 0.3720340663741286 
0.12006658994683111 0.21117081664250548 
0.9331885358740283 0.49597181004418184 
0.4160864615197974 0.1896361121634973 
0.7935998465684141 0.7207764856739735 
0.19928179781498756 0.7168418613068298 
0.7661542570307978 0.6351050661394405 
0.7122630346142449 0.6375305572640757 
0.6010495344755895 0.7181669905309868 
0.9335410677586495 0.6411127593148171 
0.508837942251498 0.8199889289647959 
0.20499729436049297 0.19321639371613208 
0.4154482669496933 0.7342042667532132 
0.010238309004599655 0.7042522008058041 
0.6269917980145647 0.8302884701907812 
0.9234081324957157 0.1228199010919715 
0.5047467781680957 0.36985706405214125 
0.31092719760580034 0.9776243988220503 
0.3849278282321491 0.8415212720360326 
0.1647223765955344 0.5581393844157 
0.19958205857092803 0.36261509653814034 
0.3959986368701023 0.7710902241336288 
0.27574941118653334 0.062362645706600606 
0.42599747715716924 0.01680287199217706 
0.6783376080918581 0.009057890775659105 
0.34772277064671664 0.264424482443295 
0.956438933246176 0.45508453608117594 
0.6142857257783821 0.9285415304396827 
0.32783543630275624 0.44740766362003753 
0.2606125526017119 0.20066054439422254 
0.8718627539727779 0.41860205051370036 
0.4008275584314782 0.01644459126127873 
0.5287112968977061 0.4328216622126792 
0.6817889367791529 0.30397569270947666 
0.47555971361975685 0.3295015794211196 
0.7879286883967871 0.5959875087268894 
0.5458464141702021 0.11890262851767591 
0.3835617979610258 0.12078435140234284 
0.04535337669973394 0.9189337328545795 
0.33645443776326306 0.16431175777007884 
0.4277319667279097 0.941294902425091 
0.0071694882775342195 0.20615070353027937 
0.9481931858203103 0.3148944256192818 
0.9349739382651582 0.5868661981038704 
0.6230512217235438 0.5413435694561254 
0.24321110415618497 0.6728815664514449 
0.30298208708077334 0.8873678207863616 
0.5089482600858033 0.09598588658207013 
0.4679043362234051 0.6526428960640624 
0.5384160481540377 0.23226939830988358 
0.22969209558965953 0.015629911656343642 
0.548886611141277 0.36564635814749014 
0.33243340855513337 0.04702284054712963 
0.14367394300152964 0.775752566710613 
0.6700269389383524 0.6180542397944625 
0.40233779803980063 0.7094547072227797 
0.009145135542571958 0.5527947325073925 
0.592646908377996 0.8796593218117903 
0.10555896771739132 0.31219832843485984 
0.3172122612316677 0.7750363983173059 
0.21019251022897978 0.549742626544183 
0.5630677558813768 0.8689243037033536 
0.47572772902272725 0.5420496436475397 
0.13401464540044905 0.8930149629124853 
0.8806153912713623 0.9748840896539215 
0.6754357427858491 0.09719008642821803 
0.21048444305102526 0.8676706839064543 
0.940919870980039 0.9786158478407803 
0.2940079087897043 0.3717598621926774 
0.43531282042192093 0.8221209474406872 
0.5880494109968383 0.436311638634976 
0.8847262075749482 0.857584096959199 
0.9951033300353582 0.7200878157433432 
0.8494516603977608 0.25102944030992896 
0.5995412958077848 0.7957201347291141 
0.16044455500732852 0.3174645208498058 
0.5824533965638129 0.2501799372933994 
0.038140651972363215 0.4181093765539345 
0.3164336244148034 0.6692600510037432 
0.5456990445984333 0.022227593420511504 
0.05586264542695096 0.1595766323066805 
0.4426316835622205 0.04963798407076225 
0.15015284396698275 0.6048151444852715 
0.4790955709057556 0.5838886742742352 
0.5111203982217662 0.3293986867365922 
0.5692609426135629 0.4100666028249383 
0.9285539185915355 0.8592472648919152 
0.8552957118259257 0.013669334697098356 
0.34416885397114055 0.36211805380534934 
0.656360583792657 0.7189523736847752 
0.38714603618493315 0.6474334844834733 
0.07744563365499996 0.900073633284248 
0.9516627290560598 0.853107100727444 
0.19701683324523311 0.6734987569416514 
0.3970581288369971 0.13786230429765045 
0.17210459329868305 0.26756384220248 
0.37094740446375996 0.2194285750005769 
0.5581636956740609 0.8216664967443124 
0.817842836355769 0.6820035454109276 
0.8421475558251064 0.4759927400270508 
0.5297756564585199 0.2866059363283338 
0.11561395591737011 0.9361355605124871 
0.9434598268749144 0.3907314540524279 
0.6160793301096648 0.7801921542704118 
0.23643244264273733 0.911635094593877 
0.010371306906286015 0.863134393226403 
0.14375721295892896 0.1296792065436156 
0.7482977700317679 0.9513623501896395 
0.2433355600203379 0.36962519419646744 
0.5573738920816186 0.5680150723100912 
0.31939876054988764 0.49770697005462305 
0.15395623730100488 0.4034622290451523 
0.9947600750878136 0.8360998060151232 
0.22278578293854157 0.770098547662919 
0.7202119784894103 0.2916192613466345 
0.1050303420205429 0.5277173994342969 
0.4468999649183684 0.11677784053185525 
0.4983204450575732 0.23635121524055458 
0.48773827926359686 0.15100402376320937 
0.011260071349988632 0.13135253310430234 
0.914901203837736 0.4254813211591215 
0.0054484839033559496 0.17002980683194052 
0.8231044058485799 0.9929177201408075 
0.42804935749117606 0.5834041450405343 
0.07848827953257342 0.3216259637337365 
0.4585585571999704 0.8572654437644491 
0.1766013281097265 0.4485929348197136 
0.8646810385526714 0.17706126885529255 
0.2814068733860827 0.5168895168423556 
0.42808931838378267 0.6311585895749645 
0.5101003610462738 0.2688524863594656 
0.5793963463943174 0.5564509492989386 
0.3431117682060562 0.8137264310774242 
0.18666661493003195 0.12841221361933247 
0.7705391741506903 0.666139144631754 
0.7307627642202629 0.313322203656346 
0.045373912022209695 0.768757536910505 
0.7423166962975504 0.007200349399605788 
0.7022260199099726 0.6975829830176307 
0.6034199121547286 0.12758482183772202 
0.9928146109298476 0.4259801365918864 
0.8585702514053871 0.705177372694795 
0.5749440335755627 0.33444005135854515 
0.700099798760849 0.20457258543705187 
0.8359766125950966 0.3474940069360808 
0.3604743649202315 0.7111059249427508 
0.6053064705391055 0.9700030196473127 
0.5157038273594642 0.777433656427394 
0.41356435836703165 0.542230701304433 
0.23811441029189312 0.6985757130912841 
0.7889898499081477 0.805486757325683 
0.942968534944336 0.8019412167618652 
0.0771205577409505 0.20127215091366996 
0.48085359886470247 0.9658942932445946 
0.9060050803108364 0.22459674513208155 
0.8552635353291824 0.2882198532192594 
0.5288791851836004 0.39802091787450156 
0.5278562816041708 0.4550475017347909 
0.02129215725255429 0.31171936017051394 
0.09256673581904268 0.4412882909083237 
0.4443536842851256 0.2644995985609213 
0.13393375052484224 0.9835676894702245 
0.6384272413531088 0.7025804393290175 
0.5817708731610869 0.2284260422901696 
0.37022526741495454 0.5127214861139266 
0.48978370064311955 0.05850092224553716 
0.6910928749266586 0.6849027901270592 
0.2719081287534053 0.12797463278351612 
0.9877067876581387 0.5562964145578211 
0.1496338032723859 0.2173030433357464 
0.21660934810295973 0.3913696701630984 
0.7185648980672777 0.11446627746809446 
0.7841127448820819 0.25672181592078974 
0.9214526120233737 0.030231664859965868 
0.9954548266639731 0.6851228393980147 
0.8995297900511496 0.6292919897475426 
0.6578622092111857 0.8402683693675299 
0.2873529114653614 0.6112329783817111 
0.5842426006537393 0.14914281747533564 
0.4522104820500952 0.16605542898969028 
0.8597961096845221 0.07617304896889693 
0.5241236434094406 0.88345040954282 
0.26765535934197726 0.902115423768135 
0.14233961060004696 0.5516752611998228 
0.039762065517198075 0.09729831339702255 
0.3050416498521888 0.6975640908338336 
0.24411043301805252 0.5392363328244341 
0.3674997897680181 0.4657771767526061 
0.19262386515168828 0.8081351402057939 
0.49652223471014834 0.7301222162896187 
0.9293514903127611 0.23380402383529564 
0.85092932558278 0.9828446936749813 
0.6422245225465884 0.786419885556602 
0.1423290959739616 0.7292436312253835 
0.550091872230436 0.9666909891149227 
0.6373486369205277 0.4861569146356996 
0.13560131729653652 0.42095305839017966 
0.03943948877130998 0.38968484098896833 
0.9796006009585433 0.40654476666342215 
0.7920252082656455 0.08545051565427353 
0.1737302854736359 0.8811493591333339 
0.9925756833283773 0.1594138548018601 
0.038838636485185984 0.27944696241226863 
0.6412049867270783 0.594998462719348 
0.4467765699884268 0.08209258911086348 
0.6122387591999274 0.3795810642930041 
0.5658121607370864 0.15633679635862802 
0.6936269360312359 0.468803821720833 
0.9503075284908766 0.8986964216888947 
0.40205720646293586 0.46890842674609134 
0.9140989264585659 0.9549813206844775 
0.9506455857959523 0.48664289095366925 
0.6806473897430934 0.6595443143267407 
0.5119799705635563 0.20488438818951776 
0.13576475386610853 0.656445829060833 
0.6391080413133993 0.9026327724739667 
0.6769602111754607 0.27847353723518997 
0.9046690292100106 0.8176489758409649 
0.7197256743939857 0.7585248500676827 
0.13894897244319176 0.2643002493205394 
0.6333402292562468 0.27293082206430974 
0.8983356883790777 0.7256957116003552 
0.9460247687340352 0.35591672899070104 
0.27289936060581677 0.39045603990983724 
0.17536602099781884 0.9496799029573959 
0.010713395859792418 0.05389462738490208 
0.7898174034607655 0.6290017476937695 
0.8698469595655149 0.5347301740011733 
0.6551219311415726 0.9179020773042837 
0.7014292120872752 0.8777854253510857 
0.6297274599251349 0.6542001319089488 
0.01678100704283536 0.08945151618340902 
0.6507444339690616 0.4424391934971398 
0.5458094061727448 0.8624896637722443 
0.3742035371927322 0.16549300542105994 
0.08929616164273357 0.2570690573030814 
0.7238187839375625 0.810893677328602 
0.39529564777810167 0.16421979938350284 
0.2591483544675459 0.09667065675216013 
0.9634558597867451 0.7831276795180382 
0.8342726965707661 0.23648266656682454 
0.8266018172542323 0.1475863019980091 
0.8841772804613836 0.17703064360609105 
0.650804293774689 0.38506037788860203 
0.17613425430778756 0.7073108256759256 
0.9552686379667229 0.7544205366035566 
0.33877770292083803 0.5420103582064295 
0.7146734075150492 0.18600560388260257 
0.7072722451803178 0.3717449782259974 
0.24297046815092121 0.21343952962725854 
0.8616036013236048 0.10114726136947816 
0.4140126507055798 0.027385941280875625 
0.4773589128512636 0.5181728148244416 
0.8190612691966072 0.06985492424902473 
0.6021766120504487 0.25495295909400123 
0.6957290969734015 0.22985551369324475 
0.4253680129924535 0.8576931691615457 
0.9238145510210007 0.7640875277312196 
0.05571244434421885 0.007364751566576733 
0.7247350697211337 0.9772946493182335 
0.9902991976231356 0.013953699600040947 
0.09929458079204079 0.07081153874966817 
0.2813249876831185 0.5596024994216825 
0.5637898367811018 0.18095544541880937 
0.34684138146068433 0.3172657315792238 
0.4948241416835454 0.921616306373983 
0.7913846669664694 0.23377601788820324 
0.4788606438242687 0.21606358509459733 
0.2996778800777361 0.09798866332005413 
0.026963451289140572 0.5008142548252074 
0.8560131244266453 0.5843799817315662 
0.09927716236548478 0.8963015610869239 
0.7702858296966855 0.8721563008491438 
0.2840962376108146 0.6644890058477603 
0.9699810410783973 0.19874163012218504 
0.38174087691772873 0.07706480987360542 
0.17185618462996277 0.36312451037016225 
0.5341681901138499 0.13957805090960784 
0.37241456894310315 0.9289332325335513 
0.662165316368045 0.7428511622516857 
0.4314837871868939 0.7269308867486175 
0.9938738903732178 0.6219308311299085 
0.151203918265488 0.034455148822436 
0.3593798172633956 0.8517055183784807 
0.6087074436006674 0.8172863168783362 
0.20115758404473838 0.016446690184256763 
0.8004703759373725 0.45235253330707703 
0.06917483925339929 0.8601417093946568 
0.9722829573004519 0.5295498727051339 
0.823544260040483 0.012522728504870573 
0.03410801808424835 0.8022234920597235 
0.025675110498829257 0.04491960564629782 
0.3456240062904343 0.9525627494753097 
0.21335563915674888 0.5842434053577633 
0.4119041400566326 0.07676261960153585 
0.5526819113664332 0.7299645816544378 
0.9084185355230364 0.5123877829097001 
0.09798413257670402 0.3595439020001283 
0.6917292225140933 0.9288234269929667 
0.46275774787930185 0.8108494865394982 
0.4920222050231162 0.7593052375037304 
0.22497658369324247 0.05339668321659752 
0.3939420125769362 0.9891513613739404 
0.09639654901440409 0.018537880669937223 
0.9661762040808458 0.11359004952242913 
0.47849654431473365 0.4543860933005014 
0.49743765979553106 0.952611084664839 
0.3319030964527225 0.40800002257134405 
0.6156201926698919 0.11177801000661847 
0.7416030272112548 0.6893245227217397 
0.7214013407081702 0.35649805497875114 
0.29063645917330366 0.8068020679778902 
0.6622984632688032 0.12087573179136624 
0.8626668545277111 0.9321869564656577 
0.8570335263178267 0.3636613777562624 
0.23426609408206706 0.6397904229546776 
0.5742157976469986 0.9352023736846522 
0.94063380702329 0.9248876471312197 
0.790304008634777 0.5681051378227973 
0.41259265996391936 0.6704619372385772 
0.2289194810383684 0.9706682735919021 
0.5310287446100185 0.6333315117969331 
0.6541233595376301 0.23216547404968574 
0.11021821099789819 0.23784954110176526 
0.15783317754259663 0.28630352948893634 
0.9166963987207735 0.45596041695179956 
0.4490098725700216 0.46868154253108874 
0.00611078514639074 0.9167493871632583 
0.7648218678005169 0.8235597397302404 
0.07889134939353426 0.6255120000385314 
0.7535331305945787 0.32208261246150427 
0.31778234569992825 0.3271267043818604 
0.20225657646998774 0.3325151633996784 
0.4354320791945714 0.200987796514826 
0.41977713431395514 0.4910899667437003 
0.11056347369125474 0.4781809848425331 
0.8998971250828904 0.06858681336694583 
0.36512366201602164 0.4265295267917458 
0.9177488219808196 0.5756222206994485 
0.4421673281953885 0.3457894325759362 
0.8928311166311564 0.32158643198874726 
0.848808913987686 0.629352039295366 
0.7647113698511826 0.09308281361504206 
0.5200824806763625 0.7303120497131212 
0.5535366666170962 0.3409954476848054 
0.9826155447117244 0.23585378439404342 
0.3090064257930314 0.4427005929971987 
0.6937276277858282 0.167407574889694 
0.1930438796982034 0.0717087855273903 
0.33372564762653195 0.02121592344017159 
0.25752991321706414 0.9246747508411026 
0.4413584448917964 0.873270495506693 
0.8625654232588964 0.49423659405963427 
0.5767374095751171 0.09657432614810935 
0.2504617703317983 0.2765906867527903 
0.7999905465085555 0.31393961376031543 
0.281673810739657 0.49506829318895446 
0.7135590329248367 0.2418175559048732 
0.2557937441579725 0.4120705215908427 
0.8340955401737585 0.9106899467373228 
0.8095400180784728 0.5332797633381479 
0.8264774490765057 0.5547734420764876 
0.3554158510156742 0.5291660336636819 
0.7810083715715862 0.41204524372046436 
0.5933539685821363 0.029739807645998984 
0.3554264325026487 0.4873392006204096 
0.6503981655682127 0.33542191055842463 
0.11167897644019753 0.8492838948573991 
0.21232201594061828 0.48418364609601405 
0.837188464687795 0.7895642213989542 
0.7993238691620922 0.11830241834723781 
0.7348514234973078 0.41252366391954876 
0.8873861228292524 0.12246254820675273 
0.6669681885146526 0.973374952648989 
0.8591857703768377 0.3046293900455447 
0.2875795431267675 0.14790864561437445 
0.39611382563755715 0.3828239301891178 
0.09461719735001312 0.5542200468548436 
0.3865699149270828 0.1801615408831977 
0.5196077630418223 0.9893804235307286 
0.790369315307858 0.2766394210021368 
0.008389470976109314 0.24807724532218456 
0.7913435383461698 0.1752888554956848 
0.795172125206302 0.43140039010086806 
0.27728068706927145 0.754617774038848 
0.6644072128963174 0.044701210084917786 
0.8026967456334252 0.8603992100213993 
0.2243687071734073 0.31339582748601735 
0.9818335736977696 0.3109882886326345 
0.49960992303822205 0.670861122596095 
0.006569652047790642 0.4861623674303633 
0.18550327616865447 0.19018270176092045 
0.9371298171254225 0.5585929180607163 
0.6931022628297494 0.49286642699061095 
0.29132026879637085 0.4547289860572727 
0.06606210215812613 0.7919079861452315 
0.031239531090956008 0.9807797904211307 
0.20654369928397037 0.6499541598602345 
0.6782746625398202 0.9875663187460384 
0.7765378070978586 0.9800398128123675 
0.4599744804078699 0.9950128259217728 
0.7653349137726603 0.9323930996802713 
0.9013537595402078 0.37029910157978585 
0.5899867912956451 0.48316206998502004 
0.7421660014515248 0.5815428565043881 
0.6144887722029189 0.45554455105508934 
0.5908822471886974 0.6943431275815388 
0.7062007210944714 0.7154188969151856 
0.08859006931053875 0.594903723130894 
0.007746257295097314 0.6269758292826422 
0.13094867068030025 0.10903858998946847 
0.38554704384629457 0.8657006792356093 
0.511831270789964 0.6298313296166786 
0.8618906763048515 0.04782239196476584 
0.3193783692955712 0.108247873511012 
0.6106734227227679 0.3213949546415167 
0.7617973266767305 0.7477819491786539 
0.7060379410617548 0.9436723428134122 
0.17660007016146317 0.906672432431231 
0.939580448932461 0.4123677546373467 
0.5748322155373768 0.7224254724264143 
0.059115029775007155 0.5376591539511267 
0.5488020587393669 0.09036378034059733 
0.3597294524964473 0.8007116956649636 
0.5819542307285127 0.20014652373617375 
0.2786161881471748 0.04035473749993246 
0.9867595204493833 0.07061234304662961 
0.9290226347578328 0.25753459900869685 
0.07270438174075355 0.7128530902318632 
0.6433116629056042 0.08875106951652584 
0.2918791785085235 0.2594987428072717 
0.555661888751754 0.9055922917658853 
0.6441832817148877 0.005345260538406338 
0.8299439285873896 0.4607519427797209 
0.175007649230644 0.9943338331742617 
0.2916133703935423 0.010940839023054039 
0.7484535746032914 0.19404273991555016 
0.1435665704666555 0.9731179295100137 
0.13110638011664638 0.16634855496139517 
0.4546096182941042 0.7425988167672604 
0.4899746251030668 0.599251888474136 
0.9479296660957508 0.099502433522624 
0.25746228669797255 0.5218761028524905 
0.2910925131201657 0.19372706178002547 
0.6018095589787318 0.5141098552075941 
0.8393969468369447 0.16561944904636122 
0.9607597835574022 0.013655139327773458 
0.40299579229045185 0.9379699971005098 
0.40574258584781697 0.8828153786816177 
0.23249315850098146 0.10593348675200043 
0.7028401976478202 0.6242762025306312 
0.4608097688385008 0.3507522264860964 
0.0424684624725713 0.21496620220868046 
0.747424898442814 0.3792998119582079 
0.10590855879095362 0.8191522613813053 
0.576026086588298 0.6779530775580935 
0.6570973007647692 0.8174042041881864 
0.29996592337896055 0.5505264280386857 
0.3576122392643933 0.6688783767863175 
0.8634811814476676 0.6719479148105614 
0.08414632707967429 0.4934886523666161 
0.6757667049822702 0.46087086125689825 
0.9054126588691946 0.7489893625847276 
0.03489465173352191 0.1481274597949569 
0.9701222095830269 0.8692909324179894 
0.457963863021955 0.10557188634394682 
0.6660300921930358 0.2552830119472367 
0.9446006370773969 0.8204947302811695 
0.8075425527604313 0.3550310623688538 
0.9009111470529659 0.7863825050703757 
0.7179117283107055 0.8352108924199622 
0.39622211974094074 0.4904183258822544 
0.9686977163768793 0.16764960104742144 
0.37912535141635934 0.03507622306448094 
0.1884584957696689 0.5603219213254341 
0.882902462110879 0.3905062542748368 
0.6115239230810103 0.6698293402906471 
0.014331209587779004 0.43735475489074227 
0.2018776331252119 0.2689286697111589 
0.6253675416038992 0.3692350593034397 
0.9309186937931339 0.14415066881374866 
0.1950138354920397 0.4318443355205907 
0.6261720455298456 0.8561441903743392 
0.8355619164311314 0.9603185036710062 
0.06599885193057908 0.7356787547648054 
0.9939950498749877 0.4970946773683477 
0.3310846108566056 0.2152474554437277 
0.17550962155620392 0.8403400932663352 
0.4914628132735765 0.8921867973679702 
0.8111734986470415 0.19413560809788977 
0.4898054749851638 0.49515018900631486 
0.3590507736461229 0.8892387536514745 
0.49776852192130383 0.7802171210502342 
0.3597220223756846 0.10230323041024941 
0.8720717585961467 0.14951749317508978 
0.6607469534368525 0.6462930889416696 
0.6624101626506147 0.7726116624624018 
0.560374513450818 0.9446395608915579 
0.5340615578690102 0.17468395145020887 
0.4198622464799787 0.7679861256406226 
0.5087477295442586 0.6869272051255229 
0.4354173401732927 0.5072382652754553 
0.6236720316579971 0.29137117508197297 
0.6792917646346741 0.8311992280801692 
0.9714398245851028 0.9577728622578018 
0.24866116629004348 0.15290276924948187 
0.5958290218087618 0.8292834985741069 
0.15955089500623715 0.6827915952866362 
0.36892748924337354 0.2735003437115894 
0.15982738394275098 0.6301306054613284 
0.921958704393103 0.39294884874325126 
0.7531602978259075 0.5939722260140744 
0.6541217666978607 0.30686129299257425 
0.27517302271427824 0.28444213200863966 
0.48534332869012986 0.42516878432466876 
0.7023979830410418 0.9668807690261026 
0.4700705222435916 0.43091095768450244 
0.952378609535149 0.04866836800806701 
0.8671442186355766 0.8162489794742376 
0.8812272887601149 0.09021564144402655 
0.14994494550715531 0.7981654185549778 
0.6880317038057692 0.7698494379803931 
0.8193347698111166 0.503454612844024 
0.36994346778937837 0.5842586775622773 
0.9082590047984036 0.16825777693370597 
0.2213541556726511 0.1588519924913872 
0.8873546067656928 0.9519050674025891 
0.4733014263717978 0.861355619074167 
0.0638328499948313 0.042869027327645914 
0.2897747560247505 0.5800480835210248 
0.8350291917648878 0.0488349954490237 
0.09165674250047556 0.1631494835072715 
0.14695511640659137 0.37983379604639134 
0.12182510853086731 0.5805406320708868 
0.3426344814040604 0.44472486275439227 
0.9054386687847749 0.09287286992786403 
0.23578142108963962 0.8741060661507152 
0.24834345492599208 0.01699312608828335 
0.7376230033279685 0.845353916443109 
0.7632284032666371 0.4577698467970469 
0.6941848363745193 0.40989770215129884 
0.508768657598446 0.3516377483496358 
0.4012339863610259 0.5664560478603731 
0.5982687775146904 0.6031610744383658 
0.8787156439233397 0.48308200719350286 
0.1247896976819795 0.5169805189117139 
0.513890577853979 0.08152619530513355 
0.971765670419178 0.5000684289620255 
0.5851239667250838 0.9594058436356974 
0.2567198454839947 0.48151597285814496 
0.568367283206873 0.7739967723330745 
0.9296109878899474 0.6932008172992888 
0.9123273087986552 0.6497449123585725 
0.8546762677455804 0.7565035902284578 
0.4356086793364815 0.42931795975505005 
0.010878718699108614 0.3262857259231104 
0.5143113739233626 0.9328688540462351 
0.5191025312159947 0.03953180557684505 
0.11616597446074722 0.7592528093542451 
0.5051434428573057 0.39321279948224347 
0.7742164587342772 0.12820966521661825 
0.31319554324995025 0.870810714701803 
0.1487157933715455 0.8476866345240672 
0.5645894666449546 0.2405463415421631 
0.7152876598794646 0.4787772177600565 
0.38897476041406603 0.26506119937555217 
0.7365741919432491 0.2833338563603337 
0.10334348459422199 0.711545069587876 
0.7451366948944183 0.4325619812423523 
0.5293601589827364 0.8421763016596677 
0.6055381447778304 0.2148658422664807 
0.8413599297178329 0.8589882179091579 
0.7348319021223386 0.6103973479874109 
0.8148785611233422 0.036272611727848514 
0.2730383471597886 0.7002141380756998 
0.44754157179576015 0.30070545032500773 
0.022660231411468557 0.39101248236913744 
0.6506759543338694 0.8663481267896043 
0.06306018662836738 0.2845367019787708 
0.7071563404888775 0.4500719750732635 
0.5279856639969194 0.8056555167433754 
0.8063608622770077 0.7655314399207004 
0.49180118348790114 0.5338993163675266 
0.3266304270467725 0.9623316765042418 
0.6681107092551053 0.5915748094114154 
0.4076245482955969 0.25665282309636006 
0.4478552260328565 0.5205068401413743 
0.5580078630968768 0.694314938352517 
0.8108560753319823 0.8116887031869906 
0.1398005187778475 0.9353531068187841 
0.17994389109259035 0.9351139902808254 
0.23036169948379498 0.4115060638214233 
0.33201506370199596 0.3823724125502665 
0.7035867892586667 0.3183827848479928 
0.11971636181734702 0.34061699185207744 
0.24011645623160005 0.35118159745890365 
0.1337047061413273 0.6090455487518207 
0.21720419268447538 0.21470721885474336 
0.21071798044639856 0.8421286775252476 
0.03927091067842825 0.3644385570010059 
0.7415744020812083 0.5510696323376993 
0.5515766058618097 0.8387883376168581 
0.2417973780102537 0.06093244954079208 
0.58629648698452 0.9171248165025019 
0.5383483170691938 0.054117029178190446 
0.03222772915734934 0.9413977251846064 
0.6320419579863396 0.5675369015129358 
0.6710155356958377 0.20571970270445727 
0.47127462215064925 0.6124397774267466 
0.24583105579679682 0.7806604981034945 
0.9664968637625115 0.2630807046929056 
0.23215159446797362 0.9415587428811405 
0.9550216375326827 0.5519716892045741 
0.15243331164566798 0.5715343701191524 
0.5748767122653023 0.5352154050855431 
0.03846453862040328 0.6421136801825964 
0.8902671983841134 0.050460300394246094 
0.012340793867582411 0.8087148905521084 
0.010051745509110088 0.027101482923759523 
0.2373930886148099 0.8925630848665663 
0.16888025526573308 0.5236371381754581 
0.9902894639819291 0.37595330848913 
0.41289176113870124 0.4540777428761714 
0.7190052893064466 0.010782076943279817 
0.5725111001909556 0.659850073632432 
0.16463610253950078 0.13318216433255736 
0.6210875151638542 0.598604950711855 
0.6410081091093816 0.6813626492888145 
0.4540471947302027 0.9106877549635422 
0.012337264955268046 0.8936687893687029 
0.5770221384113091 0.8798777335718966 
0.7518675458063464 0.5350920915859362 
0.5775630064706004 0.2831820969681109 
0.6385496638229526 0.13401059573502988 
0.7831816284943078 0.00906751347772844 
0.5552342621620181 0.3916291785416818 
0.03316233772133764 0.5962136895229494 
0.5865138363812205 0.17778896125422433 
0.7406376662206793 0.6261991873101465 
0.13566630311329347 0.07003556873444877 
0.3128030268939302 0.46218768881573297 
0.995947833962038 0.8843951366281193 
0.9362991344470231 0.04081338364597914 
0.39421558036914606 0.6871754546470945 
0.3726647900883079 0.016964749187217243 
0.9017993679679381 0.8927360043462699 
0.8900977167382542 0.9286185380941605 
0.1536582484550424 0.8835225113680174 
0.46249138190138445 0.9518914791957873 
0.6875034594604931 0.07643072829456149 
0.5875769827964102 0.36477046052635603 
0.1107203871154343 0.43769691232274494 
0.3703833434139434 0.38329077436066195 
0.3305477376128383 0.1391843117743473 
0.3431671483303298 0.7394799980699004 
0.9057199149357653 0.5988308750318445 
0.6390458800561394 0.5329251855599771 
0.16589205514862093 0.42213826250239744 
0.33438114544403563 0.5938263255920287 
0.7507050479268934 0.2587500439869592 
0.2645811910602537 0.34936944321593055 
0.7212865579649762 0.6602090099475109 
0.6727620745996175 0.5627653977999998 
0.43666396298786464 0.6900550781416617 
0.007252929565626121 0.8322889588125477 
0.531153440522426 0.6976097604671644 
0.3072331449144984 0.5128538805775237 
0.9428852579157652 0.6811547068502974 
0.5273842211789823 0.529084028609754 
0.7471772448123323 0.13433769757554048 
0.1522603036689204 0.5140107522905986 
0.6803965978640747 0.7282894941973054 
0.7395488201878554 0.8740654042778655 
0.7455948417834164 0.3460143303563033 
0.04610493395865989 0.4467503407784429 
0.8685604061091035 0.27064023349411737 
0.38857526247643326 0.608086804328422 
0.8318201675442971 0.8412970873435319 
0.4741540310760303 0.048263202843663644 
0.21720870997675495 0.09154745024853811 
0.26652289537869933 0.9968198111053828 
0.8227801980186504 0.33022129482397444 
0.9646316036034268 0.9231023175919006 
0.19845542208830108 0.7616022461622389 
0.27893401325115097 0.7290180021487109 
0.6256928395251805 0.34181333841098416 
0.05084765371360306 0.9910722504216312 
0.5969341334202825 0.38018809284354443 
0.5269948250292619 0.10927103422342271 
0.5650833225686595 0.49248745549811884 
0.3514719539867721 0.6202145682591912 
0.9756032541130032 0.6649380263048816 
0.6971536758868055 0.9050208771021784 
0.8445674218954933 0.674914621983335 
0.056236706385648594 0.32391816556353187 
0.33788836143975937 0.2452050127742229 
0.6249718253134935 0.880601084586016 
0.5503936059971409 0.5324609024317034 
0.23619943399476478 0.5226365415659034 
0.9952408198523818 0.46469248544602787 
0.17559515603656445 0.7839120766495882 
0.27470024545840127 0.6180090878279387 
0.05240925636867827 0.11450783064600317 
0.43612912171563467 0.3818471194551548 
0.3115099459332544 0.2768954729801646 
0.8104909320425819 0.5929346497846072 
0.4590175343615917 0.5547795046352119 
0.692802850026543 0.040112268304344834 
0.08927779371457056 0.46073951651440676 
0.9257586103235059 0.21447889528613323 
0.4369743169825926 0.5446433832944952 
0.2422426572762963 0.7502820107336358 
0.8732827361477508 0.5120468958841927 
0.19226128966112305 0.5361422969394962 
0.49222008550614654 0.4672201560100506 
0.8997515371810131 0.5695725327033382 
0.5594867266788303 0.5874986173562815 
0.5324267921785687 0.21402933525464607 
0.22225850838145944 0.18683450686690617 
0.41014746540927927 0.15875478798251824 
0.011210334772530528 0.7601017598722029 
0.42321802130486597 0.7909947064284579 
0.3645841068421144 0.645446517241566 
0.1427331810402585 0.6406679791979636 
0.6658906174862084 0.8844580859467103 
0.9431759652191158 0.7214037098095407 
0.6205066875680346 0.24734268015212663 
0.5362722303162393 0.5631895610861601 
0.47870223391488764 0.16740331669223502 
0.33792164707528716 0.48965120554859126 
0.7773561658894097 0.308184300170005 
0.6982156647601816 0.6097667956104181 
0.7388446144498138 0.45188065062372923 
0.8373495368544778 0.40276133443552703 
0.6970201949952124 0.1246534428979732 
0.6433226202095459 0.7395825444573898 
0.5184502131509063 0.3086241078400576 
0.9710892594484405 0.8475397469589299 
0.3895650256898958 0.21657269551173947 
0.8663482349943032 0.5583309042021563 
0.709433241985062 0.5961857503355047 
0.11490908784893944 0.9610798187445004 
0.17418037909532225 0.07910294966341969 
0.09199956644356821 0.7767951402833779 
0.9933866380190103 0.34702464018725965 
0.6742157652986165 0.530940090512517 
0.18336876360049442 0.007494042945757062 
0.4813306182385608 0.23742659823602308 
0.33583403322100713 0.7632096947016834 
0.842338466339254 0.828050826476511 
0.3098003184838556 0.6098502924427716 
0.24338517319830327 0.6037860159634353 
0.5523411791702967 0.28801293454056304 
0.25367296084746416 0.5548405096431268 
0.07138351389093611 0.992155403723215 
0.7228102520559578 0.38899156558738823 
0.07948655605130467 0.9426984316540601 
0.07853172026597816 0.1438919868055395 
0.465424472965675 0.38214988811346573 
0.22728863109084851 0.43519372723958605 
0.9080122171596654 0.19524167168939544 
0.5594370792212079 0.4340143537528809 
0.7204713548205371 0.06073832347482222 
0.4047314250027966 0.7471775909341487 
0.08201496365098121 0.6641571040855007 
0.8303636261276504 0.6509094837602871 
0.9129756322781635 0.8666777907312138 
0.9031398544678781 0.6885717207516966 
0.2501555729282038 0.31950567932921764 
0.22113023047073194 0.13540367258791441 
0.5078923103069436 0.18370952158091608 
0.05488017246285909 0.14059094232250746 
0.08781438470208858 0.5364937287661115 
0.9751818929741458 0.7400741276016597 
0.34298487810599093 0.9898592643797142 
0.9657780468307078 0.34489978241876423 
0.13943698092829082 0.048628073296911545 
0.27073700642612086 0.4640870114337076 
0.7665873157143631 0.49544664054586907 
0.13285519848326488 0.0030342607933487864 
0.8863799536156848 0.45461507820342456 
0.09437443529589457 0.9358192448209617 
0.7832637026541702 0.042042377767054384 
0.9622312871010749 0.22311896441779133 
0.9725766256732993 0.4246902833290017 
0.9039991186876033 0.12001189500426435 
0.16716639463790434 0.24407081307684086 
0.05402194599241095 0.6155521256904128 
0.8050590554329113 0.7116809203769634 
0.5660479694181024 0.05299336588275905 
0.49427361769244654 0.8297180198992187 
0.183117296533225 0.14948478401158538 
0.6999147362647652 0.25656126987503935 
0.4154360071942604 0.9852921291996297 
0.19251770701517967 0.30756544582060735 
0.5933657541982438 0.5735355161258273 
0.7883478430933508 0.7044047187313893 
0.17891086528015104 0.8648807844698801 
0.47693692716189623 0.7249838210085007 
0.46635576066811457 0.08825812726820415 
0.6110129071278287 0.4764518351550502 
0.4910205548716678 0.31807832062940117 
0.12737496215689004 0.9137765727883406 
0.7974456998032364 0.5126987493187098 
0.007566349279248652 0.1120940659430617 
0.4002074362858289 0.19027766671652963 
0.09020948388899114 0.7254406644325709 
0.12556103160025905 0.7270914962686019 
0.3034256065108684 0.8373954047743795 
0.8420009923212382 0.19478270196311298 
0.055086687693982006 0.3776706519313805 
0.290935627102322 0.9625227609152753 
0.11394397855577143 0.2629760693212422 
0.2509181282948689 0.9902888798409999 
0.7699875933302374 0.9538189982327566 
0.5676990720229333 0.6318577229853776 
0.028330925508943727 0.5610153509923224 
0.7339955009487651 0.9081675420974702 
0.05192866376040367 0.02037744699721672 
0.38601244030174764 0.4439653823869808 
0.4299002895859177 0.02983748990719448 
0.16366881841773678 0.490845250545408 
0.6119919048197416 0.9130316697936278 
0.4365396901852045 0.22136067958718025 
0.18997179680587545 0.6895199764055833 
0.41598209497141037 0.11329569377190535 
0.7520911752835575 0.04642553612583472 
0.8049721398755871 0.9503683489449883 
0.34698037008879384 0.428859981032696 
0.40341145617894525 0.9642328686408919 
0.06022295961509461 0.4811649528554331 
0.990330064649681 0.9718745918419669 
0.3948583552440311 0.9115099516105475 
0.11444857319912893 0.9939032739607145 
0.37590047699566165 0.7534189384330131 
0.6351186206329201 0.1912858886856197 
0.09221794163289343 0.1305916647479382 
0.015278898376394956 0.2751111430974254 
0.7769857366012918 0.06982858919213192 
0.6188217764974507 0.6298611919973673 
0.5107352723802363 0.42399430414716033 
0.9348189344574998 0.8399265141493053 
0.022017100514368115 0.9260982025722279 
0.24501812385729543 0.8103983701367297 
0.04003921363666196 0.2966269449115845 
0.45577960189317057 0.32594255037899983 
0.992079384372479 0.29615161934703915 
0.6434739918692282 0.03503639393686697 
0.8098681412935158 0.8830011993296223 
0.09168901999793388 0.19116303962880166 
0.13280638840272413 0.794414095709889 
0.061345231627046415 0.9262279592498732 
0.44755890852736807 0.13247909899584337 
0.006774528792280965 0.5328073927003106 
0.5905309949217656 0.7430143245504375 
0.19505294896471237 0.9179588518498887 
0.41955138511008644 0.2676358555654997 
0.4723518177127596 0.26528592196395495 
0.5538616473950921 0.5100433996463518 
0.8328033094817069 0.11556480692860305 
0.15960720368776848 0.1133503910469944 
0.5731940811123744 0.12442541301730459 
0.364658041675628 0.17942806826703495 
0.10358808800977798 0.39403260491745645 
0.9319074730735175 0.518004536815958 
0.05360293947857103 0.06427826542717008 
0.30643276722689416 0.7946266626370071 
0.495504360043002 0.007143154481846992 
0.1719446704374441 0.04736653661059265 
0.6538832292898067 0.36490172240529106 
0.8864529238411024 0.4295310049268553 
0.1179596024815206 0.41336127988578536 
0.1948509010918955 0.88289773512442 
0.8172153059799407 0.9123635991274912 
0.4343887535702203 0.9623885422914342 
0.9918559790152024 0.9223128015738302 
0.5374613236633746 0.6559263450164518 
0.43349936405752926 0.6468108077830242 
0.1507492025001269 0.9115553172008324 
0.7962283593488155 0.674219873222 
0.29149844784188544 0.7026329554186632 
0.20528446699969322 0.03705713947922007 
0.5487785001550816 0.3277930160136716 
0.6195313689984161 0.4191556338690513 
0.9704804090310257 0.6356665497668043 
0.23142863238139333 0.6557071848013094 
0.20864667484148458 0.46331304499642517 
0.1766489555499539 0.3249824018059727 
0.6449974659669041 0.618624031978513 
0.08568751451645967 0.2831166029323823 
0.056317252635737225 0.18473922951091015 
0.35137460174370916 0.19736402785299495 
0.6595181655383062 0.9471675098865318 
0.6271317017112321 0.76520287328371 
0.5440181653725924 0.4484719502054353 
0.38601202074658636 0.5062475771467794 
0.4180259072716366 0.1747260644408265 
0.4146956847284889 0.6211468927729018 
0.7946466146991749 0.8919835544404497 
0.012396319088365804 0.9665661444819149 
0.30319471981636026 0.6495715147386638 
0.4989571644217775 0.7093736968209431 
0.27780443068313965 0.8579718186491014 
0.3897101857114145 0.005500246369896933 
0.38285878677935026 0.82002879669467 
0.8418689898315935 0.9372252381769939 
0.8543291715155084 0.9097308090321643 
0.31960421167377495 0.7026060217935273 
0.26769964952269254 0.00714482774573888 
0.6096847637689451 0.9456834963765625 
0.031129337130196444 0.24417742744397347 
0.7755922732828601 0.2252107530074256 
0.24296589243273292 0.7225696587229897 
0.840037749863787 0.08886612329219368 
0.6708110089111583 0.4403416495275733 
0.18047522694078527 0.48836354308051116 
0.5094153883409809 0.49213114315659995 
0.3286799387697036 0.5672623177674275 
0.15004474826057196 0.4372540444440193 
0.6175398260623184 0.08412448676061035 
0.5845046315982088 0.6315584731837269 
0.5828777050619043 0.4586638712300301 
0.24582565331056633 0.9540878187044384 
0.7050410193884208 0.4263804655357911 
0.2921953797886469 0.30136020352306464 
0.03345734394471983 0.7114719086729283 
0.7256190935638909 0.5817013468236155 
0.8022528985132208 0.6975757503409759 
0.5413444328629662 0.5989056095259373 
0.509831749511947 0.7954649626198388 
0.42135500664468784 0.4136970025169561 
0.09356435734721052 0.6425058410726325 
0.12066646579495655 0.6624159398160315 
0.7616536846286028 0.7329236816346117 
0.11468164102486783 0.01828832364306021 
0.8494937579397028 0.4520284228258072 
0.768132583035831 0.8454096815975448 
0.9876698333097396 0.78718202953697 
0.7033589862640219 0.2826701802914052 
0.018034156319045036 0.5407430947212373 
0.706367219482302 0.8555243149124935 
0.4539551484589675 0.14777817699496915 
0.2994384845718412 0.902905078784572 
0.7331990614594457 0.22777700799359402 
0.4769056902738978 0.4796878518503792 
0.25331445625368143 0.1788455637410022 
0.7630643741468739 0.38740923375519254 
0.9699065215623369 0.14145117037325922 
0.5468551598282383 0.785157875068238 
0.3632325658666563 0.41196399509301374 
0.5888476116921827 0.053667416623303044 
0.310560570234935 0.9378963977003099 
0.5514338987624702 0.8070867701762752 
0.22409719376272147 0.6048558194522442 
0.7791747127379244 0.5450640032411158 
0.22014387590725126 0.6813329816908376 
0.7332801080230772 0.09060854164760812 
0.2680302472859962 0.16329430548536122 
0.006936901263201123 0.008253631339724954 
0.9930524212380942 0.20024527833777112 
0.66689980076208 0.48774543958275407 
0.35568494414803675 0.6938398115415041 
0.007784852045954249 0.36135770704151715 
0.9200052905737932 0.8033918136249965 
0.3830657550846581 0.7926342818636999 
0.06184202300018349 0.20758185157894082 
0.5357236082551702 0.9144687510388404 
0.7447913728280039 0.811166386155225 
0.56969982204383 0.20718749169385337 
0.19470212530750336 0.6233137556201697 
0.8236142598365315 0.427133554577663 
0.7043620304509355 0.576407334517862 
0.5483958219866509 0.4728432553534037 
0.39940565788530974 0.04191702825597038 
0.054865875001781306 0.42532071879521366 
0.07606117770289633 0.4499768079022904 
0.8035556692634809 0.39408454919273195 
0.4678854909088943 0.4990487255787057 
0.47591380579828446 0.7954831268389644 
0.7211454669762507 0.9934564313217498 
0.780244394354122 0.7754229797886396 
0.43760014627925986 0.6028502324080951 
0.49976391004803067 0.07475449331557699 
0.9638284736891201 0.47139107661931995 
0.6502160498476418 0.9791883563920252 
0.21121810817061448 0.24688121011919373 
0.4099781873690808 0.2988041458544596 
0.35661422797038694 0.16288285709578287 
0.4956173205017651 0.8539971677036591 
0.29718088000078313 0.9902636224006064 
0.8945434525938439 0.028489346643562896 
0.8110145488529512 0.6477152860881854 
0.7732048324147296 0.8984380296380966 
0.6232211243979364 0.9012290469741999 
0.8127435905431275 0.25689567934354485 
0.007412776652950481 0.5939231570131576 
0.9308668411635026 0.30305266230951955 
0.09115638234328449 0.8506473088015745 
0.715003566817879 0.8879618339225455 
0.7594618115321321 0.012028959773503212 
0.6756630491681743 0.33913372405973985 
0.25239577806203056 0.11397406170687285 
0.452508117848479 0.2861430521232443 
0.24591114209803622 0.08410745649922624 
0.8663235957697171 0.8374159072435328 
0.9763937742927212 0.815385027983377 
0.11277389713922015 0.14938938820200903 
0.1799405931247522 0.7363171527263808 
0.9221168808394331 0.7276226451136283 
0.8677970648063374 0.8651797070143878 
0.6691962417999568 0.6810884467713219 
0.3645594216002359 0.7304899762744798 
0.580147784006988 0.6055612618384166 
0.7350321526545484 0.5203303250119798 
0.9585499533067723 0.9937787596391721 
0.7214121156948785 0.6892517046784904 
0.3707412379423446 0.1464934233693297 
0.21384111527210126 0.7350787577052245 
0.14839412948214376 0.09057245406403591 
0.026445965276728378 0.17190430564715298 
0.6702017979239189 0.9027512310980281 
0.9979121715305749 0.7763332109402823 
0.7713809728589842 0.1865299919799856 
0.0521426992998707 0.5634342231678657 
0.06646092386653724 0.827096304046392 
0.35877023540634423 0.9415637067146186 
0.32273864703687594 0.8452266192880399 
0.3001423773818207 0.7367424880516953 
0.7382372600744926 0.7230811805187076 
0.5316110066961581 0.08522473248087098 
0.46822638252064064 0.4127593341928223 
0.10590748611588224 0.19239813051981708 
0.9472277190978515 0.9516374534837856 
0.7213032891143297 0.5206498833696873 
0.4796277460466489 0.7051948412260209 
0.47297982149586293 0.19953701822039172 
0.6380810597344513 0.3972648527443271 
0.5362322298853915 0.9789701479154167 
0.41613549581480486 0.1337655770585931 
0.11000927044228609 0.0525895288841316 
0.9465759962360851 0.08074639065817119 
0.5591256554816518 0.2554495458919078 
0.5600791951604689 0.31425533606257755 
0.05162515998087208 0.7566291987874476 
0.9925012933178872 0.09058508669694143 
0.516010683560063 0.15036031637438452 
0.8187677134718074 0.2848532334221838 
0.06325690588228883 0.5939428236116258 
0.5753254273275612 0.9774000058957291 
0.6533363689576448 0.16029700007951303 
0.7375509533847799 0.4825788937882076 
0.7727866047620772 0.36947765327390514 
0.4665705558419741 0.7083520069014383 
0.6315723917265267 0.44501453496287136 
0.8554574031270739 0.33770215162206607 
0.09250799787612857 0.23495568319870613 
0.49763876449191746 0.0391869093872278 
0.15745316295271933 0.9591176153540844 
0.04899459406523504 0.9027881591365224 
0.6675698895106537 0.18833162897122357 
0.9383572748336575 0.19136959621159894 
0.9895027906640411 0.5981784230981102 
0.41183559868432984 0.3643007965857385 
0.7727772032930715 0.8061271482413468 
0.27707637979759625 0.8139071179683153 
0.4531585471605826 0.830561271170904 
0.5355269797180472 0.3505530174060515 
0.8396797543341852 0.4952111365919315 
0.9613499965902412 0.05970259364187719 
0.6649650270830353 0.40598988700020355 
0.5129616287170113 0.24469633931007728 
0.6864376700727182 0.383609722384158 
0.5536594803576038 0.9864884060488991 
0.6381939229696861 0.9508166571690198 
0.29112356693816577 0.35319727835686043 
0.6200134466440165 0.7278879463681648 
0.37518161768593455 0.2906230475070273 
0.29297595746910776 0.430434937499319 
0.13003123188319088 0.6901422586424266 
0.33201987914111275 0.5109271939974903 
0.949151955838075 0.6249865641061002 
0.08516617646815039 0.30939444995976756 
0.34264253562483554 0.64828927372425 
0.0684820572685853 0.7535050486775914 
0.14355775397548043 0.8630268696441217 
0.1764679230040868 0.6181407149380309 
0.20103678518834622 0.9604144631665614 
0.8374066602491135 0.6943112000727253 
0.5722606714654553 0.8317650981864791 
0.966911092953674 0.6873294440732935 
0.12673237137645682 0.3056680062415776 
0.04515689213080054 0.044942023134430686 
0.08706687739852098 0.5737625587084225 
0.35393754248351 0.9750220763665316 
0.44157108047723437 0.4500377364505669 
0.7977165701986271 0.8400972450582143 
0.9789815596554873 0.3264044233842668 
0.40595982742573655 0.22861081506482955 
0.30461993404795396 0.17250823555718242 
0.42414739666950435 0.5239904977001911 
0.9896196028311368 0.8476921643163059 
0.0834118006947675 0.03451077005499087 
0.8733531498858289 0.7891580384270661 
0.5843583005920007 0.31279572096704783 
0.16973343671867092 0.8210889598346276 
0.4209174573225427 0.6919370344965674 
0.5399759807301199 0.765897796330008 
0.45293006993147655 0.8921108623611577 
0.07783310710166536 0.8779587768784336 
0.3132933804795861 0.0847082881246164 
0.44279986635152246 0.006670680435262699 
0.4664190638970858 0.6703652849514377 
0.26521395029281186 0.6730118764154904 
0.32517539536667334 0.3632378821347879 
0.8087766322099017 0.46824278851223927 
0.14602061510614456 0.3445799241331438 
0.8040056396598668 0.16893128450733674 
0.32738825954087875 0.6365877928520022 
0.8820173731715354 0.3363415498660328 
0.970740762177003 0.5972253617982949 
0.2999383541759001 0.765926020693384 
0.7824801144642638 0.2933744773705357 
0.21450217288997958 0.9132142842789095 
0.4134343463952576 0.8183075092759384 
0.16245859958844105 0.1738169997632233 
0.20298541922877233 0.060008495006049156 
0.030995541593123455 0.5278806782712296 
0.06978127090933745 0.9615299096196903 
0.032562679273472395 0.8645422665491647 
0.3552703549130583 0.12212229867814833 
0.25807802216477127 0.8317354266863752 
0.7036064457229698 0.5493149197909565 
0.7293264041475087 0.1957688205310219 
0.1626511719203273 0.5919099085241943 
0.7648825644321914 0.33502471148463364 
0.3794523046083714 0.32499034738467114 
0.06755345455054179 0.2515561994365748 
0.8651906094989861 0.8896126024540127 
