0.6051859419695819 0.8532507787275496 
0.4166652875731184 0.35287510743049344 
0.9036844991176775 0.5460297249338513 
0.08597591766255364 0.7830182214395333 
0.6830657631855437 0.0838143263892962 
0.04307640649839922 0.031021042595198223 
0.8961809575568699 0.8778498543038278 
0.2690539416787098 0.5038142549664838 
0.7058283676944286 0.5565536652612857 
0.21697974081084803 0.15182674870416774 
0.9726511511347529 0.13730085642596157 
0.3073752934440487 0.8759373543624357 
0.10422242891610023 0.24033989328137073 
0.4459002214465419 0.1797339976435116 
0.4832256725324781 0.6274253536638842 
0.1719033533995733 0.9039777424573399 
0.03885829415164371 0.4598459303125544 
0.8892833465069953 0.3328300878632356 
0.6798725581736824 0.2940532929890429 
0.16486502368643424 0.6719792375815944 
0.7337215754897903 0.7784471259279799 
0.9640840436492721 0.6723093748621811 
0.40599590836030636 0.7561058217317653 
0.6409079918310169 0.9652036805007822 
0.8356175111934787 0.16651786161368987 
0.4396205377561222 0.5446480605581938 
0.03543152817994061 0.5880798356632425 
0.5485462658141803 0.0900107883750198 
0.21686474441345127 0.4004790608119684 
0.6611438777263672 0.6803948809954292 
0.8019319221835983 0.6769951465462833 
0.7061781164030518 0.4197191285968291 
0.3312667600888288 0.1697027706339539 
0.8495875073293601 0.9593054481301465 
0.5027898251321642 0.9056507573328931 
0.5467219241337719 0.42862520913279567 
0.2913698979540471 0.29854814424110265 
0.7825488177040747 0.39593445381218284 
0.5786422928657693 0.18140078169054702 
0.8558138220095735 0.10113309268684223 
0.23212215418860582 0.8410272010652157 
0.2825095747227917 0.036490411988551186 
0.08983014565733305 0.333578164819969 
0.28262885449424924 0.6270598144137443 
0.8730647267178645 0.7267826093965201 
0.43641912895038243 0.03507450830327352 
0.031412927175868965 0.8681012270483951 
0.6101372384688636 0.7806585298347517 
0.7673772609885174 0.51402135100582 
0.10805619738399896 0.5586588071382711 
0.4669175919472458 0.7837968910526093 
0.3652858933306797 0.5925747984940717 
0.19605058296545297 0.971143349533717 
0.3358188489507588 0.40658564952101345 
0.6397434436950992 0.5254670857206153 
0.5388835557234865 0.3471583132622852 
0.2916605918403472 0.7881838918198434 
0.08980207412056684 0.14813620669915872 
0.738971538053508 0.9032179131622667 
0.972941007601878 0.5219460768614393 
0.9654624664657442 0.9008679453294728 
0.02804060701933847 0.19063470443670383 
0.8789253633766885 0.24648501814115176 
0.031999901513518 0.9693847209428292 
0.7620209662127833 0.2684572930133109 
0.1252928637113947 0.026538932953829197 
0.6925434573084892 0.833490527200133 
0.6130539455223768 0.09595712094101688 
0.7253934362764711 0.02916080340176036 
0.9664465716238798 0.4530107560768412 
0.967814417069832 0.2195874262109181 
0.4082432439649927 0.2682817699982906 
0.7700451628248564 0.8350522808008155 
0.9163530897225537 0.959012970647916 
0.8772832590950617 0.6073344838493621 
0.8091449819302856 0.450431868468779 
0.5680127818013185 0.5173294111516757 
0.9634909554384776 0.03311398262605292 
0.1726462365362751 0.5959207767037995 
0.6139801291080702 0.3216031878525556 
0.5395893646365294 0.6580162261964437 
0.3677183214752459 0.8790222365304741 
0.7073368637079535 0.15050970678330378 
0.9645932217163262 0.7446568631582619 
0.5013574235763865 0.1252895601908839 
0.22423310168685134 0.32633341001124944 
0.282965842639455 0.966964294162273 
0.3456780527172451 0.4739773432895473 
0.22838525181567254 0.754416821431522 
0.24779314229813199 0.2461758046574516 
0.11583576714475646 0.4900322366910821 
0.15698641427080856 0.29969069231686857 
0.8774565015015154 0.030468290957443134 
0.7603745267942674 0.5967582310286327 
0.036222247571494504 0.2748759665456204 
0.09683407279439654 0.41290139408831533 
0.55577406533932 0.9719447054179526 
0.03518261706452219 0.09876300590101672 
0.4268473833352708 0.9090569689928373 
0.7080954028321853 0.9676931777716431 
0.5462940467484552 0.7957609491687319 
0.3405305814047137 0.24497362142462376 
0.6019696138272853 0.7069767364562173 
0.17034291000613488 0.8111230510673986 
0.5715735512169333 0.5822906766373454 
0.18705833891031004 0.2318393038934421 
0.7512981283132859 0.0913561908143461 
0.7420575483331948 0.338032566387235 
0.029017547599460514 0.7498970628166732 
0.9079206055318567 0.16624186891634296 
0.9588097277972119 0.5996481755386939 
0.6495471649125084 0.02755677196506895 
0.6181978205306504 0.4604169365183114 
0.9638133629391394 0.3815984136773999 
0.7311893793059172 0.7117717618647607 
0.040507072335734085 0.5263284545339446 
0.24774006274055999 0.9101754360317179 
0.3336001458224477 0.7366803603529809 
0.9129162665356079 0.7907632152997235 
0.09139150392596779 0.6966136682603636 
0.3596584876462382 0.09756801116316505 
0.881435314800091 0.402520167995323 
0.24328694595398487 0.5730239933668141 
0.4663374367834882 0.6973752924728454 
0.9456084173877808 0.2750984423052024 
0.03180862441922011 0.3742089954428711 
0.6635510343631961 0.8968370844309788 
0.4193863795464733 0.6218906913939566 
0.6225510373095129 0.2472372493311089 
0.3568540494082403 0.8099782050947529 
0.7044538596756715 0.4827006223210651 
0.4140947252365991 0.4149940217721855 
0.20121514677166197 0.03452359291434792 
0.8176611599201256 0.31928532746232197 
0.641227062704496 0.15796141244412443 
0.7827777983540677 0.9688940383729916 
0.9743691758686692 0.9720000145835361 
0.4324577666975017 0.8403730551629216 
0.4831011960469316 0.40012147291843414 
0.7902710064527123 0.1363519529276898 
0.35606131532309504 0.32855915488898785 
0.8348462207775 0.5237954048292519 
0.2792273974622276 0.6996670132311795 
0.9277643096221077 0.0900199651648243 
0.6125452989292819 0.3934879993988824 
0.5180412497194056 0.20080657719329542 
0.430424800994616 0.10749528003204545 
0.18311893660245743 0.4598490967426227 
0.4664946973187596 0.24231958257445252 
0.502407254656948 0.04176376273890131 
0.5184716660018036 0.8461065943818076 
0.8067432055030663 0.7587865261354432 
0.5807883697014363 0.029316690427146408 
0.09863805381160873 0.6203079828206511 
0.8989276135131686 0.4810228573421446 
0.15040825690182674 0.17506334416047004 
0.5312595431254695 0.7345078356550028 
0.5889485000539888 0.9167068163652787 
0.8920464917940174 0.6672613565154687 
0.03174921690098048 0.6595137426342411 
0.8193175172422729 0.23442219534944642 
0.7649775834672213 0.20407817790491178 
0.21716842971595507 0.6577499137842355 
0.5529677671712072 0.27249564634114243 
0.4996475201872059 0.5676669838349899 
0.2054624970732425 0.0975744326968574 
0.6688247462738756 0.7636577533641672 
0.26837265164313034 0.443298873352573 
0.15321569985926736 0.3775003060413834 
0.07922483381316114 0.9183319390565259 
0.1543245777214805 0.7418452480233537 
0.5018016898809344 0.48888919155185245 
0.2880809389206924 0.11003426591924825 
0.8499759417642827 0.8208456622090357 
0.39186018475426015 0.1852295137707048 
0.8152059354103056 0.8953987833308672 
0.1108519183441794 0.8586282388522622 
0.8061796377035195 0.041093714859676 
0.364111128195595 0.9593967905723636 
0.6788694098226331 0.36254073919182983 
0.2708635846775863 0.1869809624729944 
0.34669236906971507 0.6517990432394076 
0.7194945599866986 0.6391035270291403 
0.13350296485905155 0.09077650330718717 
0.9685478703911861 0.8256582753474713 
0.3825898907591502 0.5309083538834408 
0.6474625897975099 0.5959916951589204 
0.2842823948337674 0.365043238192591 
0.8150145541489927 0.5870112506682372 
0.9625862569334505 0.32938451259789936 
0.4334474603023157 0.47057547202737154 
0.4616297888905029 0.9698309931455305 
0.11126519436809384 0.9693425441880186 
0.3610933879058417 0.03068717619856426 
0.3993386227522671 0.6927084831889256 
0.6978842623177823 0.22335725234290144 
0.6009503632180223 0.6447524038491638 
0.1941607694435789 0.5269527751828691 
0.31532941540249637 0.5552006460856503 
0.47410328202936214 0.31329807607888527 
