0.6813986138115395 0.5129380653707958 
0.20560172616434186 0.7082156335722289 
0.3169379252930433 0.10613301664296382 
0.67553732473892 0.16843284240498152 
0.7542724789753779 0.7733886796332667 
0.037767163758055 0.3444190211875622 
0.4041190064914598 0.4105336068064613 
0.8025719107957396 0.21176269214479498 
0.2999343951801905 0.9932956087354762 
0.9470235280314626 0.7918061547505653 
0.4955857748660824 0.9396625682048243 
0.9433583857017787 0.42787633066380026 
0.3928022427113615 0.7006373756152358 
0.14976683624915643 0.21933830118594888 
0.012294938070159633 0.907137379028731 
0.04778965801966906 0.5276368023189276 
0.9862613591391078 0.07155722564022943 
0.5428136617508542 0.047287349133469325 
0.8593133939988601 0.8943477809032295 
0.19518088796877425 0.42541202108996257 
0.5957985844319721 0.7457485642917958 
0.7866712298228982 0.5229740328293986 
0.507978254155541 0.5400870510241828 
0.5571743232587929 0.34332386859863007 
0.04331053838899085 0.15719661555666364 
0.7422352682178988 0.02391532745992131 
0.24288200047806063 0.8536869366403135 
0.9506283218885595 0.6006105369200154 
0.686586091317134 0.9928308494392537 
0.48943541308460964 0.22472652856822867 
0.2793097943629698 0.31958986176917425 
0.08197726438845376 0.7213086812439586 
0.12152183187949234 0.9706235581222449 
0.38659251411764983 0.8244082324825092 
0.8277853454811239 0.3283480150264022 
0.2058402732625466 0.057487413698810885 
0.3298487488904811 0.5609281910490352 
0.6637132470027532 0.643570243225096 
0.6535809349468615 0.276966595184609 
0.8295188315466937 0.07364695513690828 
0.9166613280464632 0.3122907846263111 
0.613012775005677 0.8862254158201002 
0.7089998715318432 0.41301024373304973 
0.9787200658376545 0.9536925843448754 
0.02521372867769711 0.0392682007536036 
0.162082554479142 0.6310794481242731 
0.4205795827824767 0.1819723507912846 
0.7953106186952248 0.6658554245742442 
0.28284098826735704 0.6752985975557099 
0.12603993838007688 0.8108576300483077 
0.3833801035612968 0.27381031739656236 
0.5521386638684598 0.4419667258065212 
0.5448328453818989 0.6590737947704302 
0.9474444863594813 0.13227988960689513 
0.4347139584309612 0.1254897191863249 
0.2712830821830149 0.18002431864088192 
0.9133030256148559 0.2587512818327481 
0.7817237991071171 0.9466284083216578 
0.23473278162175215 0.5819150270066524 
0.3839671460123061 0.9536041024537669 
0.7823813831144104 0.8605824100019959 
0.13004503501916648 0.34620191707077597 
0.8483676069102463 0.4366727582999804 
0.27729583409348174 0.4807382050232876 
0.8870192891276942 0.6790127942578607 
0.4169443883528204 0.052874148687540534 
0.4944856702217876 0.8519334900106847 
0.5962563623272612 0.16694804686436399 
0.02700930337144153 0.6304980149874322 
0.07169709072760627 0.8579148760537845 
0.6157679116622671 0.5277969308812611 
0.6424747403015416 0.012999617278005915 
0.751193899269698 0.2890802600249731 
0.6920400893391511 0.7380641586001218 
0.5177039884066252 0.7533657828117315 
0.40100956319754444 0.5955156924807209 
0.03724179932626248 0.253441215967008 
0.8330709380375632 0.5781819252376555 
0.1426536591941735 0.09833830443365521 
0.14102205617035296 0.4860191212696979 
0.20408046793409362 0.9473575312287408 
0.6201080237689724 0.385039778107016 
0.3325202364235186 0.34570088701417045 
0.9572722975547997 0.5251556265369558 
0.31144598403288043 0.8912095392912326 
0.31928033311532134 0.01853080927753148 
0.1964368564510689 0.2853361428876305 
0.47902387317195827 0.43939146820243363 
0.8752579432236967 0.7959093110656019 
0.31492642348172184 0.7642768516517391 
0.054109274138879004 0.460729849604978 
0.5049626352922891 0.28893140836384446 
0.13420985805593877 0.03580725980556676 
0.9543943832808623 0.2215530516330388 
0.41486640476687336 0.5144139530546393 
0.5770198380950012 0.7949554488289555 
0.46133429485032434 0.6500122037014617 
0.6968090974632332 0.900102630546459 
0.03261131464269568 0.75056060149076 
0.893744810091851 0.9859043826084777 
0.9384285501016941 0.007090073548159936 
0.7384014871149704 0.10532416471588124 
0.6025744386853914 0.9450451760922525 
0.9924134784909188 0.6612259882274247 
0.9520129272795109 0.8956420687763579 
0.6546830526804966 0.7963415057093755 
0.6648739991121366 0.10849752674874064 
0.2520095157094669 0.35816525614745687 
0.4139725050914015 0.9140949942403697 
0.14995777464400184 0.550068902449283 
0.045247303392767224 0.9914145612883525 
0.5293906448738674 0.15603440547254638 
0.7120383315214636 0.6189961418907464 
0.23879665803601446 0.12886527659692792 
0.551313948792502 0.23654697864450974 
0.7313378501825811 0.19383059626266347 
0.8831037613314379 0.04689643150575512 
0.858832176377872 0.5232316992627785 
0.41691456109993685 0.33231481446094574 
0.9873202593663607 0.33906914838081925 
0.3051698883324502 0.42427973811044245 
0.0746830833362393 0.6016770431547691 
0.2113052576449571 0.7408744252823876 
0.47536793429277807 0.3681562040414855 
0.34948827985571257 0.25638838327943364 
0.6125163085244001 0.06520484315627312 
0.8861833748385195 0.16524384226765543 
0.6250938678407959 0.4414805696543461 
0.4831303721002808 0.7585167982469494 
0.6675693028219397 0.35505561928215623 
0.21265535083302645 0.49460853986505937 
0.8738773059650357 0.7045520187552898 
0.28252592071200877 0.6153047035380591 
0.7906530584996306 0.3837159916745213 
0.26579864199273096 0.05926111236641163 
0.6169127976650074 0.5835115846957823 
0.36088268191752193 0.1515354806543987 
0.37810303089901565 0.6472684128495936 
0.13682615378702712 0.7426577107841094 
0.1741217675847298 0.8462985862452876 
0.10202369826714569 0.27962038916127213 
0.7397944931194805 0.4281024856182475 
0.06224589593801416 0.42634071464329815 
0.5722044595973472 0.5730639776044076 
0.6658810785960264 0.2131253803959247 
0.8129127413135957 0.7702024449454978 
0.5046688248297878 0.09978581623395583 
0.22957025059054698 0.2187388744641775 
0.9003941111851252 0.3699035618712848 
0.6955820295837933 0.7947729191536652 
0.9363336383379632 0.7181818726734219 
0.5726491902756575 0.9053104859150447 
0.10815685420424392 0.1864552376653945 
0.3142891362261963 0.8337110031237198 
0.7083689460891318 0.5666793488112246 
0.8400453476216049 0.26227759592285316 
0.8045701440402092 0.1500838856006403 
0.49939806715155144 0.5894350826476394 
0.4012383626896503 0.796296762784672 
0.9215551982343252 0.4549666328650509 
0.034531028306298894 0.8170394623960588 
0.4506119319144897 0.9944966207332909 
0.3518139971042118 0.49219750459402994 
0.2973802801006308 0.9555766157929368 
0.1791775580242589 0.13335362887156688 
0.49154276693299365 0.0232155842347338 
0.5424217360465132 0.8698935518642672 
0.6203056866923757 0.7052641535913827 
0.8310344588284551 0.03996264065734478 
0.7215147391235419 0.6989948327233334 
0.08195526613490889 0.0850156321623004 
0.12551906823626008 0.6798474777929536 
0.34625814329273236 0.7291930083127319 
0.9013905184112233 0.8322591208556334 
0.28824557633652775 0.23498660161991325 
0.550598530124977 0.9816488066602272 
0.8852388541455917 0.6225271047024165 
0.5017594815978536 0.696394824242679 
0.07518482355628164 0.9581233373562024 
0.12132797830006109 0.9478396730919509 
0.9936563215632401 0.7395579356993484 
0.5632344605377726 0.5013775287669522 
0.38717725295680605 0.0618867773453356 
0.5678928921910587 0.10237090728375225 
0.19186236032413434 0.3935698405097166 
0.8367523358949123 0.9675735185863377 
0.98126459049466 0.2780207575259712 
0.44704035788643287 0.2744548725901784 
0.9312571618562393 0.09755371395333401 
0.26752738913950036 0.9372280593563139 
0.15328086011537695 0.8967472316243034 
0.4369510351172874 0.8426040715339771 
0.3605334913914353 0.8787959198539625 
0.962918380791693 0.8438346897869717 
0.01815617988956475 0.6872950902356673 
0.16378093001508265 0.3065334583934046 
0.8396581830065413 0.38168998433596113 
0.7237482296244216 0.9634369346032727 
0.7149707919689114 0.2575673398718168 
0.803453842328585 0.4670922359486164 
0.7159219615392851 0.848876608888277 
0.11559360632757332 0.43230692046050423 
0.602612135018367 0.4896480664670763 
0.6776115866652387 0.04476598290169015 
0.6045654603886463 0.3378836186928714 
0.3715297189277301 0.4611443550980499 
0.24181764595718036 0.8011462061412542 
0.7582367556052589 0.32574352973895393 
0.7774961709151846 0.06883911252809272 
0.05342498235790555 0.2951057636165699 
0.5914567750213854 0.2711380391467071 
0.16820701123228443 0.1772142964381107 
0.8290001040391589 0.8552888951523041 
0.7453299241750007 0.6452309690304159 
0.9881952661137774 0.17108984309168745 
0.4207738084019299 0.9400439084107028 
0.9185397554679949 0.9710505559503608 
0.091558489257834 0.3428392451858222 
0.553195291869778 0.8252170153018974 
0.47549391829354326 0.47948021825306775 
0.5047733157267761 0.39754871221657734 
0.43478463180314114 0.7121296061225779 
0.7506586298218283 0.5447277139114216 
0.002796636631513749 0.18109760637563355 
0.9652644495363752 0.47776021159802406 
0.22009374330319148 0.006167180771602165 
0.9952218318249848 0.5681326267369151 
0.25506916804546875 0.7202746732325336 
0.5737094091451038 0.7218713243331784 
0.3250624459983146 0.16338205160433805 
0.3831616324297587 0.2076506211413282 
0.8168142578449044 0.6054410021493359 
0.20353411548922018 0.6129797498706839 
0.5959550650861515 0.6735600321717679 
0.8767982580842502 0.5834412117461738 
0.26558326534789956 0.5265324602821974 
0.7441889714014152 0.911314440674416 
0.015048104842746657 0.5529759576343898 
0.18276683896777363 0.9694332768200298 
0.09715312073057042 0.8128969878294945 
0.004877844111767615 0.4182165313524802 
0.07233213794002313 0.648633278429304 
0.6559264712824355 0.8342627812413408 
0.22624512462915247 0.654540047657895 
0.7749376608155184 0.8076931559007934 
0.6555155365297596 0.46740034680471443 
0.765852233142138 0.23672645500949996 
0.7201864866357571 0.5097329081762183 
0.2528833619553146 0.4123039223462005 
0.8435130829033477 0.12709267842359312 
0.4556055226252307 0.8898295956060276 
0.7551060331391963 0.7117285925717981 
0.10431555307274026 0.22915263189917345 
0.02998410151876446 0.11968652700088483 
0.8139490948329706 0.2847471645464221 
0.40060336212909325 0.011829555479107634 
0.6852968110759814 0.29362962323255704 
0.46436881491982923 0.5433161454518722 
0.5500106541318368 0.028322586450070242 
0.06084550972812358 0.19047527722254598 
0.9780516999019201 0.029879009050909677 
0.594953352688766 0.21785713766901715 
0.728440043675304 0.3748588529888279 
0.24636787567232943 0.3058097680998664 
0.380387755971607 0.3853430863475419 
0.63722200195304 0.9824399025413133 
0.10700681651060284 0.8814284684145584 
0.3280254258663415 0.30496393193036275 
0.008591393510667511 0.30524930203468037 
0.0462678704069624 0.9200706362189102 
0.06578255369776292 0.010127312889354256 
0.35120557778019335 0.5858813668973577 
0.3332306274230037 0.9339922428175198 
0.9945910314158448 0.40242172788575925 
0.15745219841056157 0.26918039242007985 
0.33367424280441194 0.05705032547070216 
0.45271592262204546 0.16254963744921347 
0.9391852680784065 0.5463772490885176 
0.1098567235722765 0.5537906076810392 
0.3385586141775244 0.6328837834403092 
0.4842506542698242 0.8132113387387109 
0.611671198105319 0.1068967969581821 
0.17289484153057694 0.4110160934538831 
0.41489196722876576 0.4634933065038458 
0.01398595374274958 0.8661758624692921 
0.8895271400340177 0.7675009973295039 
0.1895575474251357 0.7968959789600619 
0.43326079566147657 0.5820743645276599 
0.15243486644512255 0.6071183687935038 
0.3364561945231066 0.44130860245226 
0.9186195080753938 0.20146825616170044 
0.09043102022879479 0.4852747113194835 
0.9341814467610718 0.6667900006138731 
0.3425288240723997 0.6653583593463269 
0.6468858561111721 0.9452694428805188 
0.07537180555787737 0.11953060677725302 
0.49484897566308045 0.49388113997870337 
0.5941408977069029 0.4205110037547432 
0.8851499397413876 0.9216979362011914 
0.8091508790520979 0.4189385099988936 
0.3559189572599471 0.5393814111200501 
0.8384431979811268 0.18963611571373595 
0.8435133379108989 0.6963291872636598 
0.7156754478705558 0.644956536115715 
0.4145542095116605 0.23961848615875436 
0.040953785518354935 0.48061080824155755 
0.8840679399742384 0.30514578389273284 
0.7917762461183158 0.9819762244403732 
0.3544702524106015 0.9859224435092668 
0.1709794786734729 0.07076074261617304 
0.4018690290175225 0.7619430709588864 
0.2941732813197818 0.06060405375463307 
0.6657433109899668 0.5689420884061721 
0.4658619194667134 0.9704540726717341 
0.4175209629550556 0.6341804061415734 
0.6692785998642277 0.6930580250383164 
0.2018998176695127 0.8753955236734398 
0.37830755648603726 0.11966932167771183 
0.9546211915954494 0.17703120174572107 
0.6589573144520804 0.7453283783728493 
0.4721804213942446 0.07531475217946254 
0.33714981392454 0.2030239541568914 
0.20648231457210758 0.5717575950215062 
0.7684863151379421 0.15790569107014124 
0.010900292559498648 0.783059071892918 
0.6411136415036789 0.32407510506357257 
0.441669004365597 0.00912924188414943 
0.6140225786743815 0.25097192423497394 
0.21442217215157378 0.3608958778159871 
0.7644789748098568 0.013544601059196693 
0.23330198727849283 0.24913902172939806 
0.6108582693764476 0.6150883815740191 
0.17658248488932082 0.23253802602213236 
0.9146884167286036 0.5825790751153933 
0.5342121039323829 0.9322088602038883 
0.24409073910444268 0.9811359481275554 
0.8832604328396068 0.11286260989881808 
0.9813778932534962 0.8858339878273539 
0.9498880069331967 0.3800890799280283 
0.7232632556247378 0.3066357516665248 
0.1793521656778671 0.4524136502217206 
0.9163832462316116 0.5330296474488692 
0.9176339727273616 0.8789217461426875 
0.7931652214306156 0.09640218455227018 
0.8420372875415931 0.6485659044291594 
0.8123588211929244 0.8961447875952566 
0.7674032383931251 0.459510764010144 
0.8188378460300976 0.8116885521488028 
0.30674861353371996 0.5275465337786932 
0.39790498130920854 0.6721244836834707 
0.22166032402932362 0.9173243398296979 
0.948351125136127 0.9946192305054695 
0.5242269844550332 0.454204285288273 
0.10449866817139075 0.7474914628882964 
0.17823915129024848 0.03599364868957072 
0.14589566202654064 0.7826234531932135 
0.5548722830553325 0.7882171254570584 
0.8956078329640906 0.4357660049108957 
0.2649210366752637 0.7642212266567978 
0.5175303023289948 0.3171375654749244 
0.9510457361250344 0.31666201157448826 
0.8628124555146868 0.23487663416099602 
0.171503980642148 0.6748002579286115 
0.6484983948393632 0.9024133531603996 
0.8835766531482311 0.2802499327954803 
0.5681305089510917 0.6153251485378629 
0.5914827057355044 0.029196480074340503 
0.6466413227837785 0.1456254044967727 
0.26800099537831645 0.13563394085506036 
0.45899844706979437 0.38682705218195956 
0.8586993659439934 0.47946534432078947 
0.9128353727232814 0.7909381654056968 
0.2984975237714862 0.3871725265333369 
0.6345027153053735 0.7775929349934896 
0.026174818253422882 0.5989644789713586 
0.5639798703436926 0.20894555105188484 
0.6477214136591452 0.4315190291967168 
0.5203560065943138 0.7800396592753719 
0.517776156662328 0.07922145629881372 
0.04362537714407577 0.6721436830013673 
0.24462247661983133 0.6356974301976874 
0.9039574491687916 0.026643946906896976 
0.08330140538155562 0.37460604789666885 
0.8110539497709834 0.9397896516969254 
0.9898081561568728 0.7855235814631372 
0.3463030746197815 0.08252946050834903 
0.1501127256020115 0.1624436252831138 
0.3986771980546766 0.9907004286593553 
0.9197138161802556 0.7446012593056246 
0.7303079216247109 0.6116874990311499 
0.7998518602915987 0.7059613962004032 
0.6988095229807173 0.21941736219690167 
0.33118911878818375 0.7915443228978178 
0.7521577589772516 0.8704464825746852 
0.4317726213185322 0.31797809262665183 
0.5664255147770894 0.3951877719941436 
0.5226298241469914 0.8202165161655518 
0.28337722759349654 0.8837285377940404 
0.5062995137913637 0.19396771398299878 
0.5861499854538584 0.8465742786762539 
0.3639173790198632 0.30383118476994253 
0.6980063831573872 0.04465017808002464 
0.7681011089707191 0.11369246253449589 
0.16943292630808005 0.35640903488616266 
0.5018847268753364 0.6473092040459723 
0.9960528444921243 0.6148774082185338 
0.8911460495241028 0.8810658969251272 
0.6868302249806942 0.14993803065381545 
0.617888928375845 0.18774726683148407 
0.45110619317163214 0.762812375775987 
0.3984050523587805 0.8786027442207367 
0.18272811368690345 0.10280548785892152 
0.7748552867336246 0.6239079314111552 
0.43982157266222577 0.21545433899380317 
0.2974463845752955 0.732500146662387 
0.5510970966435157 0.7526485814499275 
0.7607116173869729 0.9761427823493936 
0.532690483414898 0.7105895380493195 
0.055738539741717996 0.7580162655001195 
0.1265350503631979 0.6470994475505929 
0.7808184102784975 0.5775301958362509 
0.27544401939281715 0.44763537562990163 
0.06349435899019251 0.3932381328390788 
0.023426586718646114 0.9366151636324964 
0.8729740808867679 0.3989533997339959 
0.8683588673930559 0.011834002295127766 
0.9507522944112257 0.9192791220738802 
0.2632610605448509 0.013407888230067166 
0.5285861790588914 0.564158976147896 
0.27736299994350144 0.264102259154945 
0.18901810444070233 0.5198047306528957 
0.9825650816201326 0.44247605909311033 
0.6396362260528909 0.5711951191184 
0.7804895516488783 0.2661910895892483 
0.11350200466529153 0.06868745210896282 
0.9912158284490821 0.12335583204966494 
0.773437862246455 0.6728096085245886 
0.4783532693203486 0.3307433916830156 
0.5624707683643644 0.2810532473183006 
0.4814387347457405 0.8940147510142855 
0.025955256602594345 0.06739996907379409 
0.14864473563748226 0.8297767421743719 
0.46695379385132335 0.17559674143258663 
0.7331338534993783 0.7554410432033853 
0.4554308913086053 0.5167093720408632 
0.5921344787815028 0.9908107427008397 
0.36920549478666 0.7680427571486359 
0.028299266706964255 0.9654842289171175 
0.5780676590668782 0.12253892682544609 
0.6942632870586839 0.9475453302875853 
0.48846854655815247 0.9634883115143127 
0.24259191879039432 0.16290452755726348 
0.9439263454894247 0.8365013518664319 
0.24394252123379556 0.4553267340136396 
0.8060644775646102 0.5041023305214032 
0.06884090838726725 0.7847524570606044 
0.2268569010222911 0.5061262277289341 
0.28754644965255116 0.5661033416866885 
0.9311711296244269 0.5047521274903054 
0.5799062881586919 0.5296172855640265 
0.580563409827001 0.3231266820285599 
0.8383153589979183 0.3438757483512933 
0.891216667723892 0.9447888813851095 
0.1537898199223725 0.938955535553539 
0.7985147785785274 0.025596324999788533 
0.43929852069276293 0.09607128575938761 
0.8343187134964577 0.721609390010769 
0.1147129300464173 0.2888220024312539 
0.9950584512001379 0.22673082722781635 
0.6931840497144133 0.4315867530214279 
0.6581990744011135 0.5189764091832302 
0.22048482471645242 0.8339308387134313 
0.1528035957835756 0.41021095032965116 
0.7782200997388058 0.7434039183092152 
0.4029109769425385 0.1533559518178942 
0.9237597774063389 0.06663053887715659 
0.7573431543454202 0.19006244407664596 
0.29927958132823207 0.6212068981725913 
0.11588428893288444 0.8561011865632157 
0.7401891460322443 0.8000202318222972 
0.011584589414635693 0.00775170289572541 
0.36510701608084284 0.4252999120146651 
0.32236922887327396 0.26510432456865 
0.2230306080750878 0.41271084342619724 
0.07068209176556639 0.0436800270596685 
0.7042957955361067 0.08090111948716006 
0.2643275591303019 0.6920382387510036 
0.03261718423959531 0.37005272628590474 
0.5050222354737065 0.2655603034400416 
0.07109408200956302 0.5744216446067292 
0.277364034689847 0.8280639770272805 
0.10009385004060223 0.11750814583497166 
0.25250511403784537 0.3811550726128553 
0.014849519941901146 0.2224682442297809 
0.3290331833104565 0.504202625388562 
0.434136941705784 0.6243104847922517 
0.8368298172447233 0.5371391036067346 
0.39309260637681365 0.5706528598151572 
0.6018985438900212 0.36859003341651814 
0.15248439931263796 0.5152004592753886 
0.6720650224273288 0.2431971360179318 
0.18647533467029698 0.9885212519301418 
0.9469722724211393 0.6912783878485509 
0.24193088027176463 0.7614486122002074 
0.4938165758498462 0.13820120004133107 
0.6723276144573981 0.3887951886079476 
0.086772947174099 0.9264610802317226 
0.981165048100239 0.7253334668357944 
0.11437087620284209 0.6994464743871542 
0.08650961988304323 0.8353093847069215 
0.1826460303388609 0.7257139357548623 
0.6321642626567433 0.07500522426269063 
0.44764949513674634 0.460207064723905 
0.9904311831116621 0.4846252640801114 
0.7637102481662491 0.3596226680329344 
0.8672422348227555 0.1942429446066008 
0.717695976911905 0.15686674150158642 
0.29271215105858406 0.119509398707287 
0.1054880441902033 0.010046002336867588 
0.3630620516830223 0.8265093278137627 
0.6045495396562229 0.8232657885709994 
0.3150612345552833 0.47786565974804285 
0.6367432843474083 0.6737478388011583 
0.2722528138998186 0.6606516234239821 
0.07269514088218199 0.3280618364822949 
0.20252137359081074 0.3323343184572134 
0.3303349382398101 0.7042627367846631 
0.4366736478349415 0.815034433339376 
0.6994316318136604 0.973281042681926 
0.014156781958155673 0.4484539802344921 
0.37289933230443956 0.028338391968658394 
0.09604602071714985 0.39030679142104363 
0.5242715559220207 0.9120171016065148 
0.20535495213201743 0.08216344705123102 
0.46461405671131184 0.2650117617288906 
0.16126513723798797 0.7008245702695644 
0.8592482418964642 0.7561012304944998 
0.6322225044462453 0.21443618892221816 
0.8860863207822716 0.6453729785274235 
0.5495910263249159 0.18968397040523488 
0.4778317711742736 0.7269497924510775 
0.21707595238015504 0.18361650269515367 
0.9755317866682076 0.19219346360698325 
0.39658669796934864 0.358630422341208 
0.5917622299346512 0.6862796392914798 
0.09813175611545616 0.5937718539768423 
0.6975871674649713 0.49080886438812277 
0.6094149885981885 0.44429318531736034 
0.9201994898194017 0.6257283700386536 
0.877077617042386 0.08221793071598199 
0.3861673604228324 0.5102686292830017 
0.08824833288131251 0.9915549256824249 
0.5138115803010155 0.503768865706872 
0.9647866627374452 0.5632477111835789 
0.689369277795728 0.3428417494690488 
0.10458789554315678 0.7867872144748048 
0.863939039608832 0.834441769774815 
0.7505192503481085 0.0539072721377965 
0.7316996022953831 0.6695283651444032 
0.4755039241457094 0.6861915131701231 
0.2895706257761539 0.19534078266461408 
0.18818022772686022 0.8931221262798918 
0.719917466488881 0.9005747138218297 
0.9900384471088317 0.5275352073851718 
0.3557709910085396 0.8967914210981085 
0.42607784149023575 0.2696738400771853 
0.10536076350582313 0.1620833913135596 
0.9176042026687674 0.3865504313697412 
0.7501783174209417 0.8423809716329784 
0.9686942616696503 0.2968804658693021 
0.44755564298096107 0.6692596108189282 
0.3516780597998257 0.9588521071129903 
0.6732514301468597 0.1878621918421115 
0.5876698249107473 0.0701379220625104 
0.5402569833012515 0.4701354994293422 
0.004726315183377905 0.8492597237111567 
0.7336673798201987 0.47069015835326655 
0.7683868234724744 0.8998155699765931 
0.2438254106184447 0.6026007666967241 
0.8193129174441598 0.367472230622786 
0.39551448068133466 0.1120078723733835 
0.5131610465403812 0.6103162791473777 
0.7044507399831894 0.7711059225278676 
0.8782828181477974 0.46902152463827557 
0.7726562329540564 0.4181943433708064 
0.4924561104112898 0.9850392993960913 
0.37520279804148193 0.6946343445601162 
0.47012947031938773 0.29847333407591103 
0.4458226170996288 0.401131751187352 
0.39156492643685403 0.7447006038410844 
0.24278483102077514 0.27349577308947837 
0.2953448130519624 0.8048923217367356 
0.818612170685323 0.24903621579760077 
0.29308447570475465 0.1491909111164138 
0.5791172001162053 0.7750885786935037 
0.5446328090628796 0.388448032502533 
0.5698761463901031 0.9529719014264715 
0.6056061268138634 0.1279243775714869 
0.5508371827692112 0.5977102326851562 
0.9582954907792143 0.6225127334050292 
0.5652225753147818 0.8683112022995055 
0.8916681199602233 0.5458659158785324 
0.14382023244867598 0.009319324889670133 
0.16238828911160402 0.874042094610541 
0.607922764440473 0.9114877327975854 
0.7709640615658129 0.5047652414620528 
0.6907700430149983 0.8545838007415849 
0.6763867208821608 0.011016996037993276 
0.6328830704727412 0.4966616463307789 
0.9677688808985991 0.11208641110787926 
0.3937051911035899 0.8593336647991592 
0.9429523016184741 0.7434259219286224 
0.6952701324081978 0.5317979683605414 
0.5211963218539931 0.41869137574971016 
0.2691810884590041 0.9652616814401846 
0.8568178009649261 0.6206089930141256 
0.19822408158900723 0.13844577733709262 
0.009142796701548217 0.7354098876660888 
0.05826153435033249 0.5477244932404525 
0.15976678695778185 0.9909623315710112 
0.5362879306538545 0.09396604575953038 
0.4777272601414336 0.5759090195993094 
0.9894111274176078 0.989820970619445 
0.8562709413558067 0.9508665644992356 
0.8501291341477863 0.14713599580774467 
0.006476582516411533 0.9932487853330102 
0.3142655847027217 0.40420935182297635 
0.3005878386827745 0.3342321994269529 
0.4722080497050823 0.7946994158823839 
0.23972442392352544 0.5422902094899017 
0.12398969888877148 0.14159079264541136 
0.8098268723110242 0.3047906024909931 
0.8833546396281892 0.5065067701881091 
0.006230951965208842 0.11989539927320919 
0.8089615065237123 0.7370145163842119 
0.9084968111710401 0.15558158051074722 
0.3534547085874744 0.3761760902042944 
0.5729369473778794 0.24311503241486054 
0.03978240291035595 0.27619795451192736 
0.6737174764913865 0.6254995675562482 
0.30859984544545527 0.9152630851754755 
0.25563300267120204 0.4888761766661668 
0.5809521643583941 0.6461432201491085 
0.5038837176151042 0.008216283360803434 
0.09354086076594736 0.5064286619271953 
0.5131923763183551 0.884386495432737 
0.043526593403287905 0.8796085066050607 
0.6071055060741184 0.8518803297087976 
0.618883408731369 0.27731991629102437 
0.6421490274517753 0.5960388471675622 
0.9538740185771077 0.03867048744064461 
0.16561264824270094 0.7782152817533853 
0.40194549821130715 0.29774505307483 
0.6682380078979876 0.319435068922727 
0.1757558003864363 0.5959259337190331 
0.07699979523228162 0.6909340282186927 
0.9271120829766232 0.8020098958848305 
0.701652353545227 0.12928520327195409 
0.05939679185006341 0.0719095385296441 
0.7246327851031797 0.9934342831818652 
0.9104437668025162 0.933426682958205 
0.4364678306452296 0.04596799358523246 
0.07919247112313088 0.2444315772971397 
0.8417876603829366 0.8827342270267406 
0.5228923727939352 0.8417197643515899 
0.4591898221747711 0.9119280658925962 
0.3745111144432912 0.17074312473132147 
0.16567811940027066 0.44828134029998545 
0.65115607264175 0.8679577766842606 
0.6113924152452342 0.0395127537028066 
0.343822082713263 0.031215655559492017 
0.041270739112817756 0.17390016338630332 
0.7097559229813671 0.4519078342226239 
0.9805558534123624 0.846192831006221 
0.15526031639893828 0.04766384198110035 
0.5567298754573073 0.6959883834354048 
0.5376214081164288 0.3274466884521499 
0.6162256590156983 0.7988878456922472 
0.7134646459206515 0.5906154436097781 
0.10644403049504297 0.46798007617955206 
0.3161982924669489 0.8514563653634899 
0.8558101323127574 0.29646557420816955 
0.8864338697292495 0.24530536049840024 
0.9560664830051941 0.2542387056299767 
0.1214293632394734 0.3023683050442886 
0.8287978557296464 0.4658199753012917 
0.4966075453071156 0.06382026359599346 
0.5484734328389885 0.5446248747200573 
0.751420268056987 0.3994684477412779 
0.2067244685756422 0.46365901796334086 
0.8833252327765213 0.35512740937596987 
0.7008288069332091 0.28390397876064266 
0.44159146779292047 0.9784042398933348 
0.2868459436985179 0.5065092557976109 
0.7172287728725674 0.005091429149805482 
0.37593090655026273 0.6012401393189354 
0.4454438080218411 0.43617903413057985 
0.3892364333169812 0.42618742044858393 
0.3070277935514576 0.5903108500807261 
0.9243776343095145 0.3657190664802781 
0.9732908730615304 0.40144566750070043 
0.7556118156712129 0.2608393290116895 
0.03399054727060952 0.7270668153700973 
0.22901057125317875 0.08060552030488644 
0.9451605723871759 0.30096081837792 
0.021527813980056654 0.3244170034213777 
0.7074702052953121 0.6874426606088267 
0.6885584949667578 0.26025158655431485 
0.8412020647236136 0.21667404168657733 
0.13693732508973194 0.38841267950694014 
0.4909098543321464 0.3481687813557194 
0.6760973646829838 0.7709747838964975 
0.12447380200368902 0.2157952000423805 
0.6342373823878114 0.6306184366404193 
0.6036896992861361 0.5558981787120448 
0.056126963443649036 0.6308581159194374 
0.2475935983645235 0.6752728591594168 
0.31685195905954866 0.07066558098585102 
0.1598065658496945 0.20212075096487375 
0.4030569252919957 0.5302006262764711 
0.31163777359816686 0.6404840453141971 
0.9659457163259704 0.7754197889454808 
0.8037890987942014 0.8049328336021623 
0.9812752102808359 0.36075066051588134 
0.851161542887396 0.9863596824192222 
0.6238702854966904 0.35721162677640744 
0.3780304695957667 0.9221596188005448 
0.48390283865716616 0.6204594168802696 
0.35952189486051916 0.12440396004373222 
0.28689901417662267 0.9021658225336331 
0.8215891895520329 0.4042228582307214 
0.4523299090388035 0.11485234115495774 
0.781913209941591 0.8413008267844012 
0.8154857439813581 0.05192000353236792 
0.7941536291690519 0.5437215035671403 
0.2007705840497191 0.6337341898433256 
0.03947492274151004 0.8523187995474992 
0.44556443122121037 0.9615408136455716 
0.028067464013343424 0.41469048971663003 
0.804608585989752 0.341065616154819 
0.18482131098914056 0.8203406333689496 
0.34748366412025883 0.29304333727481635 
0.4541697262482865 0.4912634139520874 
0.17667742309675072 0.27479878377413647 
0.053801774994510165 0.7201661577097855 
0.6175666422189557 0.30599512490789893 
0.8386304961125912 0.7719850906843191 
0.9116403730990299 0.7258093480248716 
0.8141146013808398 0.6624347826392456 
0.9218938316691574 0.21970211750245955 
0.8151996370965675 0.09719836378308505 
0.12042269500310626 0.7684232365443454 
0.29453242096970017 0.03715402964723319 
0.9706838776120325 0.1377838331401452 
0.2462248508504114 0.9527245359989925 
0.08445435235639853 0.43699542532709634 
0.38980258286394837 0.3391998773946836 
0.02706187908435248 0.5159481080126217 
0.7366370107630776 0.3288830650210679 
0.41723671222653125 0.20002356670539068 
0.9817443800876259 0.6427832539506309 
0.9641289970715603 0.9443208377824077 
0.26566815599779214 0.2306558124986401 
0.4335061767048363 0.772445699205839 
0.20839883978436624 0.665675756832137 
0.4805740214654153 0.2000340734409985 
0.4287535342548403 0.8887077043849837 
0.19427496621634716 0.11790995459412063 
0.5806757996489715 0.8861417052395664 
0.7197010899762326 0.3599365689675236 
0.6707126295547637 0.05965436466453977 
0.724654048136299 0.5352724692963923 
0.25169392652570527 0.04252044331366589 
0.722771482226253 0.9287428037552679 
0.9680986457898777 0.3211057241802724 
0.21422066918966448 0.23947780050122902 
0.22402935007601488 0.7821203141384838 
0.5230827274767298 0.7308486736321949 
0.08079747198061316 0.1483376345340201 
0.7841946659609088 0.287364191563717 
0.32595153007941036 0.3302994502910168 
0.7825489038001776 0.18296558291202147 
0.8319551375002656 0.9089775172424515 
0.9206387753310672 0.7696162206299423 
0.8368066452016584 0.05781867178016664 
0.677500035801914 0.09073481226913527 
0.6843440677092347 0.3724820397342662 
0.9602023668402608 0.8135222974132841 
0.24759994671505642 0.9273755970440194 
0.2397117492974415 0.9026925744464374 
0.11981910028036802 0.2486203164595443 
0.6547315567426483 0.9672108557549132 
0.6650252534567429 0.7140501067554594 
0.5239218999819406 0.21327225640380892 
0.6073654626787492 0.4074567665879955 
0.724066482377756 0.720601429162425 
0.05089401451972125 0.5733232848753067 
0.12915737289520252 0.5272174821034511 
0.7378274868028069 0.8599453620778261 
0.22978120814692754 0.349086515343076 
0.6832495787067978 0.668190154498173 
0.6736605874014742 0.5499821586796242 
0.06783330827592321 0.48960576617386314 
0.8994804698600307 0.8535361183574859 
0.490278730152355 0.5189162067476508 
0.3614806295569094 0.23858947016939702 
0.6120520421206874 0.9726104453087903 
0.275351547452373 0.10608683575300987 
0.5779954646242906 0.17585892744251735 
0.4546033654585082 0.03731831381021927 
0.5806009880116487 0.4656044635655634 
0.5242159064854345 0.030226011082042425 
0.14641999284766244 0.46039439396004905 
0.09439615814797653 0.863734855298093 
0.8255703792638796 0.5223546505501184 
0.521339781613468 0.2595916259797963 
0.7536544358966726 0.09223133515934329 
0.43189076372360163 0.5449388207740231 
0.47372006888858875 0.40221713553474214 
0.6216934593498938 0.006879982146216823 
0.2589230861713428 0.31522554303624195 
0.7462552720083977 0.9328593112145558 
0.007924814774361244 0.2761037554049016 
0.13692283636201757 0.8744793399580301 
0.6591230341764213 0.5866768133006842 
0.1731103372506046 0.008908251955945856 
0.7989215913243702 0.8746339688713067 
0.32962256414889074 0.9743111917767688 
0.9911482005948982 0.9353071825765714 
0.6178780857689804 0.4660169726273288 
0.8014406342650012 0.6175407656887993 
0.5216410617860155 0.949764072266204 
0.2751414017343843 0.8495183406353541 
0.8309309293610854 0.6750762379861168 
0.16794178057840764 0.5639105965629663 
0.30676703290721785 0.2011609598900097 
0.7862338654622694 0.6874817381472793 
0.6475260454125343 0.36062602205167577 
0.41893026012432066 0.08743090009480403 
0.9129029224967764 0.0402893247093169 
0.9004886253345844 0.07477321377789825 
0.8124941387517945 0.5733652617246823 
0.40892527735033574 0.275417713340531 
0.9329266706585175 0.5233802777923502 
0.3750412101496215 0.4834965740518903 
0.7440611472437343 0.9892297191056548 
0.06997137415465265 0.2806245151947112 
0.7942685798474312 0.920654101801536 
0.02434567355249434 0.16019090698534433 
0.09965118545400575 0.6165535188754678 
0.5031500733218599 0.43795820595326074 
0.2812830742221725 0.5932903425217654 
0.7880364744169919 0.48995035658130154 
0.5484763300209266 0.6747436585323867 
0.5703432037841083 0.04675442084310599 
0.10628696564971502 0.9064098653601399 
0.6525474520367617 0.17192880331451427 
0.7463087613780052 0.5236561805986272 
0.5333466924463837 0.5803123359013268 
0.4544363390152588 0.6097859514042951 
0.280091216183474 0.716034655044318 
0.5683319761336922 0.430732472321833 
0.46178736664976777 0.3428778636178039 
0.223902115194694 0.723803428625544 
0.3270814014092805 0.8330098822648193 
0.3402376496813424 0.7604077017453371 
0.9872291643423738 0.011133974669746804 
0.36660744640269555 0.7989515188922788 
0.10871384350289409 0.0448835402233323 
0.3480042188261836 0.005754877149618809 
0.4626407732849468 0.8266411842720098 
0.031948551156195215 0.6994146113656494 
0.5162760198915339 0.5256823965999422 
0.23915695781252078 0.3323085375797369 
0.5519471673437096 0.13384014472044548 
0.9143227046114479 0.6625992282915549 
0.34139401484833154 0.13631162328197655 
0.47438368291060806 0.8641022981781634 
0.3400600056468731 0.6081765850406747 
0.5451691381087682 0.4993465271132685 
0.5119001932240662 0.179012668512125 
0.4156566641487617 0.9798071761824607 
0.7078350793347837 0.8273254990606627 
0.40427244844098875 0.38024463007073317 
0.9657965995619893 0.8664231832264173 
0.5369140488108096 0.3556803728409174 
0.41833969068904664 0.10446536677878882 
0.9896549931124554 0.32069611541998233 
0.40698579402943413 0.4436199348621012 
0.4199356728712133 0.7545902201315968 
0.38405017090627425 0.24222092066005163 
0.9693868285647631 0.6811599670274768 
0.9403716739233373 0.9740843518475653 
0.15264363563474942 0.08038352651338804 
0.7089398201599315 0.2374994028051513 
0.9901086227464817 0.8284177363193084 
0.9074836398039081 0.59965074099584 
0.12072761710749175 0.590342639826259 
0.192974630989034 0.4897595328606454 
0.8827812496570238 0.4224076245146972 
0.37080421419292775 0.9707042213224626 
0.44544340060329674 0.2545543143000135 
0.9276197945905089 0.9151446340102212 
0.656369222554137 0.9235231804797399 
0.1000161773154265 0.6768437490415244 
0.05423963884195898 0.0984718625491624 
0.18559500187843125 0.7617089589852046 
0.048580590000738444 0.35530013132537286 
0.6420888905265765 0.6951656732106887 
0.9452708261934872 0.08724990381253095 
0.010147638886011279 0.5797976214139985 
0.5170024680557762 0.4715300505373144 
0.5917305192007292 0.009510953859541926 
0.17659749676966763 0.31924360533848806 
0.8279292225015066 0.14906723444422915 
0.23740994566182866 0.8249394021154174 
0.8203029244282058 0.9909186077882575 
0.72057502256606 0.1782923579394876 
0.67361073484107 0.4927623446572577 
0.10440931629427891 0.4486906230355595 
0.8316760445847913 0.44469060974854346 
0.7245330385034414 0.07176019909175546 
0.8439757415047924 0.023235131921147234 
0.5233709651581958 0.6603425416072208 
0.1194444028181178 0.32784334122678993 
0.8726957076823476 0.5594128863146659 
0.9239276062928885 0.48748218394936466 
0.8870741206027387 0.5983035594281979 
0.5591013714386401 0.7388327739888004 
0.9423715362907855 0.5833729062467099 
0.8444425973086713 0.4085846241456672 
0.022395229919372206 0.26576528898854057 
0.967020059469444 0.7512727781411378 
0.26973560247244266 0.3970112152673998 
0.2536725101718045 0.10186158303262971 
0.001976075792038068 0.04402024838734797 
0.9371741851743877 0.17034983490323735 
0.23455074802097586 0.4256529453978033 
0.4241675652003355 0.47903614834025804 
0.6387366679070078 0.5394814770910825 
0.27533328333570817 0.6368414223889459 
0.21809823422819669 0.9900388957089035 
0.15667772152522635 0.37416906638162817 
0.4784131174338566 0.24105312951675545 
0.12667091116267065 0.16470896940113405 
0.010104497233480003 0.9557839769212846 
0.21841860768427013 0.8897922996341353 
0.2745374066688372 0.2923606465689991 
0.04761697096834483 0.21173151797219153 
0.9470223359967094 0.4981141111854314 
0.26337045511339185 0.8149296794644253 
0.11648828382427517 0.40497617888918414 
0.4493594074454533 0.3654188765407917 
0.496490251773177 0.6674906328604353 
0.2323829318981191 0.3741563759854293 
0.4244314856645187 0.16141670285283016 
0.7137658873735984 0.7460592731280827 
0.14522850753827282 0.9544242427533154 
0.29975069341672406 0.4432831099156547 
0.05682209487658463 0.9448611191251655 
0.43940629697297295 0.7439618215456733 
0.5395115212946382 0.6258177967370028 
0.7724378440823583 0.22251352454893847 
0.4505137307634217 0.8523622475795414 
0.8575875336416543 0.046124323373361364 
0.13248985070434272 0.9271626179649581 
0.3230098920515987 0.7358008950288556 
0.9896024810859574 0.910812212164179 
0.870348048211345 0.3388586764070949 
0.7525139771039926 0.6956505279161997 
0.9182091368931391 0.2855318975123065 
0.358968608015398 0.8511776135517406 
0.996171069946286 0.10134030907661279 
0.6209847960194497 0.764594776193092 
0.8286622902327456 0.30750754743806913 
0.8602792547828502 0.10840970331297756 
0.7747676976623977 0.050800720762828544 
0.3018981730664788 0.17217526880453982 
0.7267362839302632 0.2833453391468905 
0.8676118921807517 0.6861952608563815 
0.08503223503147406 0.9013622164494952 
0.2238236807019593 0.48404625443979526 
0.3488135221578077 0.6910216956732156 
0.7028864723812821 0.7136912684047385 
0.3270575623708659 0.42105902294503433 
0.46897682915867295 0.014414345862045708 
0.20122803267856193 0.9152921525883861 
0.782516719216445 0.13750893167945427 
0.46924932556663407 0.9511677051926609 
0.2660861737359297 0.506671812185465 
0.9615091441682371 0.44305987497275945 
0.057324733537965744 0.2611599191120229 
0.8761403235045604 0.7307651335214947 
0.5011246477516502 0.7955616748579842 
0.6930209439142258 0.31967225406579525 
0.715457565928457 0.10363015316532886 
0.6086270975648445 0.7252410607630349 
0.36877279740704194 0.7320803163135365 
0.960011670722695 0.012267505338704632 
0.20886189807397904 0.8463824375711113 
0.4979980474100832 0.16149244262657964 
0.424576816800444 0.6589596067668403 
0.601229792093729 0.653549837663596 
0.623354346003743 0.9146928967841451 
0.779682589997762 0.7751831103971478 
0.728915679318438 0.21933937482053167 
0.6702658515870908 0.8131319007072849 
0.7500288327325507 0.11923054832073005 
0.009044381436483395 0.08405394616466805 
0.09263550501332107 0.10184144424772051 
0.6414642548700595 0.3968209064369801 
0.9382145985047765 0.21145712579598253 
0.1854804635013252 0.25228647630903694 
0.4820087743422249 0.09307018162921282 
0.5146531661318134 0.9895819847881342 
0.6444172743366873 0.2991330287003272 
0.2038427171679349 0.9706984532286849 
0.3992062301053421 0.6238760719091119 
0.18308685464237195 0.19073262730614238 
0.5565372953373029 0.310286577148183 
0.44912837828398217 0.2952504622859814 
0.9659721526023476 0.16482708368948457 
0.8403097689600776 0.5070400469895664 
0.592837599617712 0.10171330991099059 
0.008004867579728292 0.6151970116695465 
0.14989361009479335 0.6493119193311769 
0.25937793135208087 0.5545809186245443 
0.42812844357422875 0.602551387297189 
0.27693259756696087 0.3531365982985794 
0.7454961888146133 0.4953563418618984 
0.3232836905962464 0.22525104773090648 
0.35257063116914555 0.5643523183580864 
0.07835540492045223 0.7496577168035041 
0.35317366122282434 0.18894641249791305 
0.6707044094893824 0.1346894988297056 
0.8193485227991847 0.35221830183754976 
0.517761116894385 0.33878602780590583 
0.5096152572000157 0.561092130483706 
0.49848739659262015 0.07925524300001591 
0.007277967624829018 0.3617683928673866 
0.2323994805880758 0.8672669475086039 
0.3882018138982253 0.9025222728851152 
0.8233467856995975 0.8406366761073744 
0.48312236182856355 0.2758659742833087 
0.9150572230337155 0.11210594997658624 
0.04426746945381488 0.051067994456570565 
0.8933896632343481 0.2209868960667291 
0.8074764153028233 0.38776800060935174 
0.5655472047302861 0.8424613890397528 
0.6870513073905227 0.1070606954733459 
0.21716646405699097 0.16294395348494334 
0.14114674368526098 0.6965593043241632 
0.2113995091950326 0.5437777919368081 
0.7951323152203498 0.42543949899979927 
0.2041260157533462 0.03441488475975241 
0.24685018474351256 0.21205184095105178 
0.34362496497220774 0.11303435216716468 
0.1823224327390307 0.6486441868802721 
0.870212650865686 0.13911378409309516 
0.3821569886726528 0.3683478769881248 
0.006454786977290516 0.6716471935928494 
0.23106498459988029 0.10509118092976144 
0.28866489531340067 0.9327901020998026 
0.6314949209334044 0.12309210435718249 
0.0740025112865812 0.22034582714152767 
0.7948261446105263 0.4474365804202409 
0.021832593323108718 0.389352005483859 
0.9720646884632835 0.49162127078507756 
0.9115343616223887 0.4299866216842532 
0.9739036487447283 0.666217682438153 
0.2001523713504722 0.2663728998907643 
0.3720166944727883 0.048012319669114845 
0.15407170225397315 0.7990200785948962 
0.010321818085073375 0.8217763318376057 
0.7823981237480053 0.7279358446466768 
0.7782699368792745 0.649014479802451 
0.916480438880316 0.8201834609252963 
0.750035994114874 0.8253246113825332 
0.6976845403167606 0.17648556294649315 
0.8111892828707246 0.9657237097839102 
0.4147235099870812 0.5666789859489461 
0.5587809416391024 0.9253130104992988 
0.23280676858039068 0.6166976712333014 
0.07938767278681574 0.9720236054705491 
0.13255094380590166 0.7181876982820978 
0.3995554817254463 0.48855069774135684 
0.09220284195317346 0.30122280811302515 
0.2991993602767612 0.6988101291372424 
0.5809951698086672 0.4058231967353174 
0.10500166705244995 0.21013817598745782 
0.27574749153478545 0.42054432363676936 
0.5526949713239594 0.36704753904741405 
0.443032061625951 0.8762971694213666 
0.1493162559360376 0.12046785430012191 
0.25621567996640665 0.5789660322637317 
0.9257194610332761 0.23629234966226126 
0.1796052697289685 0.6204704919142836 
0.7495784055934349 0.17445877393184273 
0.03036537303785941 0.9047002937796048 
0.530228009619165 0.282641297815053 
0.10344145239400843 0.36713439264313985 
0.08218783464336205 0.8046748048136592 
0.1720277918243736 0.4908347044853318 
0.8640289461457761 0.16921403349557518 
0.28427259513872055 0.7688916672756481 
0.16776283177302964 0.9246493766605566 
0.7301606689463787 0.03966510339563967 
0.6573293581004039 0.011314644091883541 
0.8738078221021339 0.9605493351029704 
0.9659706714513935 0.5390511085929407 
0.2955533073053205 0.2830656043734221 
0.08447384721940465 0.5182753856686894 
0.3435443209573956 0.3254885778829395 
0.8351799771684568 0.24065069874118594 
0.9354919747022694 0.1505657230732907 
0.4347855540924145 0.38518984291787384 
0.08751704083829237 0.06237324829595953 
0.687309795737006 0.20626341475200127 
0.5243742379323278 0.8651672659561238 
0.7608146128780804 0.7421662479751974 
0.7723978086511446 0.5377158740815137 
0.7452243464069548 0.14983615150796514 
0.4680245758685498 0.14386278184086976 
0.421074113373908 0.7056506426162477 
0.920864893626129 0.5628487789204356 
0.8719518493884377 0.4511400192069215 
0.8060958787058686 0.009041031335782046 
0.8760334425799681 0.027159078987881946 
0.36657160655304355 0.09842794085756962 
0.8155986792480248 0.8707483370083648 
0.9581395558468219 0.19720334588155303 
0.7725518055049563 0.44367506135485574 
0.13813112286223106 0.9850404119583704 
0.7362515206916752 0.5892319039495626 
0.954887353298391 0.09987524365682743 
0.3470314909274078 0.9126492821545622 
0.48131530436835057 0.9221115651556874 
0.9908683654918121 0.2979287404515483 
0.011039012255549652 0.5042092932015583 
0.34926123491013905 0.5193198800702501 
0.7496255594473519 0.4480502586186618 
0.4702764268181431 0.7074606550220264 
0.40958894543376567 0.681241273529744 
0.135475647119635 0.2945568046527717 
0.8156232856696015 0.18978177641801214 
0.7917825083065212 0.06126379729933573 
0.4285030997379423 0.9616094491984153 
0.29460523892112345 0.09667641275284683 
0.5926856104445687 0.6049642314714367 
0.6428545398576924 0.20660196640527906 
0.7616179951874977 0.5890371193041408 
0.8969770802093215 0.7470622076951448 
0.7260630544436796 0.8774388502210735 
0.5882238115008867 0.1963815496151829 
0.29999120693820736 0.30713626945378836 
0.45298983330035036 0.581598669391085 
0.6318565320545169 0.23748779601382342 
0.8727369305398903 0.9795665226744898 
0.8192034889802482 0.7085067682474756 
0.11922566260388867 0.10293873143806515 
0.4592165172404477 0.08928737942430476 
0.6649807094658753 0.4474512707942837 
0.8968869016768861 0.09916768890105576 
0.5586660289645031 0.16906552933014424 
0.9924478187934955 0.14041026834409875 
0.3981173720609569 0.2255124824931634 
0.3139669858333101 0.5162352070817027 
0.5531628032487688 0.010583373226578097 
0.9301099764012732 0.9573157971293298 
0.636534208654706 0.47509839596743714 
0.4353349899677489 0.026945822118004337 
0.2430062011696908 0.5142768947594819 
0.1506183345396443 0.342446693569528 
0.6483131937583966 0.05462254330891064 
0.2330270299412347 0.7060466852919128 
0.7684960699837182 0.3103348142624186 
0.30823965286012867 0.5739615882367461 
0.056231707935880115 0.8952027791034538 
0.3541353908856342 0.9305185613713404 
0.05955409332400147 0.8407302152746411 
0.8594040001531835 0.26960061602185004 
0.28104975564850054 0.866421118749191 
0.10144009366905138 0.9575837532690785 
0.19812567268444825 0.6820082499052467 
0.7957549498956138 0.5919817660912136 
0.9788542281927717 0.5713118408309603 
0.14124904303656127 0.18370678901859688 
0.14898329153097184 0.5325090005629508 
0.8207327491492256 0.9199151455921624 
0.09585066582591661 0.6525193464549555 
0.5068607608903606 0.043818404665661614 
0.49365494942952914 0.4669561873909611 
0.009197166508312205 0.46740218514241416 
0.3685076487938571 0.2564207334913672 
0.037443745182414556 0.4359642252429813 
0.6662783974584159 0.3336651353091881 
0.055800129724643044 0.029469785932774273 
0.05753551483531183 0.9766169713218855 
0.41937948258290686 0.7249405468594696 
0.4375089580517574 0.5104331603608979 
0.0847108152699857 0.45787987678150377 
0.5578035960722685 0.5275720991798236 
0.16581550006696166 0.7462408523364984 
0.5165862162099881 0.13952536293133938 
0.7361126746470356 0.4070610352655569 
0.8526353550240938 0.7973874862577897 
0.9123301108947988 0.5113602784031036 
0.5764407127300821 0.7407333122353283 
0.6088188557381008 0.7727369880469552 
0.37591825637318405 0.5542135154042684 
0.9658467235429697 0.34141149819657096 
0.7839707239947882 0.007339295754048236 
0.2912067102312077 0.4639618079086393 
0.74930242676487 0.8919410025699315 
0.28833964177233956 0.9820248398261122 
0.4512695266028551 0.7875658967272716 
0.25192185550293955 0.14127729663544225 
0.6634691011357575 0.409585844607498 
0.8847348505105948 0.3763935234636236 
0.9720449327178502 0.9305636501233716 
0.8552701401036333 0.07457655434367044 
0.05654125136351268 0.683661348220507 
0.31723311187103065 0.12695730395141508 
0.22360820083655147 0.5269022493766785 
0.14034376930834613 0.6318135730645428 
0.2673644038952235 0.45977798073014575 
0.3236430709098478 0.1843172845509265 
0.5710049669274628 0.9773098431298991 
0.08930945194431744 0.41663132545842246 
0.45336210152808887 0.7240818859499545 
0.20799339316040943 0.3866906636741023 
0.1420967321136034 0.7662511401898011 
0.993363738950966 0.6849374883183627 
0.728983393301238 0.14302824207340048 
0.5014468080826805 0.37589300258207853 
0.8365747569139212 0.10003765305849732 
0.4015578026340678 0.8377072587643608 
0.7588234745984271 0.9525388696039923 
0.5679810386078282 0.06925233766484046 
0.7965793852558334 0.6427334207699285 
0.6770624134454176 0.4221916639873368 
0.04323750695981937 0.6127989487410042 
0.6891047856934758 0.6109770374131582 
0.5523306969475088 0.4152050121095137 
0.9617673267837263 0.6561580135039319 
0.9544476445786378 0.2775189289753782 
0.6352001604535481 0.8380914482666968 
0.38732801812732376 0.47046336783615605 
0.4895815638106563 0.11936146548087562 
0.47925684794889073 0.6595031556211917 
0.6844075321404854 0.7539515277550664 
0.17066906113132213 0.1506616391431907 
0.3420434942174767 0.8161694614582848 
0.14094513601685477 0.23856206795794455 
0.6011430129657415 0.7052066280753971 
0.9321096909779976 0.04333627133396706 
0.07327422692663221 0.34187719650612336 
0.3647373041662085 0.6752896558938006 
0.38224392036325944 0.14494018614466564 
0.10716088162217158 0.9320561572972768 
0.302915492370988 0.25688777520901707 
0.07813742948478408 0.6271504392187798 
0.36392777682504873 0.6185430433944138 
0.31185612496439175 0.9401293110427591 
0.24458435259111222 0.058954015082035516 
0.6895314860766412 0.5814013973565376 
0.2208059069393652 0.2761204484940324 
0.10700051736077881 0.8321205620174443 
0.3675035539835268 0.39336923219554687 
0.8718481430241373 0.8714824329138944 
0.9038853317504246 0.689440203582488 
0.895921160204249 0.45663439981242226 
0.5616118644919252 0.2635320978620272 
0.8532247148382679 0.5706699573709952 
0.5046418705460219 0.9258221403834321 
0.961850429510532 0.8849574649142598 
0.18369792422036424 0.2994322131402131 
0.41369097345021777 0.1286955103135351 
0.7901266076016553 0.897328996776369 
0.6709557559474804 0.837576325321853 
0.2699110609425162 0.9946449199072451 
0.26456424767209563 0.159169381113551 
0.30551959843906207 0.6660379492791177 
0.3305699435368695 0.9004003813876102 
0.13661637464350068 0.06588063106479325 
0.5760531739153393 0.22763615552358146 
0.18362098000652072 0.05188387598743405 
0.3138778038643122 0.7859431344364569 
0.747679008144133 0.47322837658574346 
0.4401291798618788 0.18898149965908717 
0.8464013456298312 0.8408581522154122 
0.13942994738047898 0.437097033244878 
0.6970554567832734 0.922598526446653 
0.11136010128253782 0.49668492506409845 
0.3221773034163544 0.6230855278254668 
0.04027625564225262 0.31407588286848853 
0.12469595024019908 0.7907661126480122 
0.6596217879991098 0.670984956641019 
0.5883800639121696 0.14269437813989216 
0.2823992539948008 0.6996237269482424 
0.5132529054956393 0.2251515430982144 
0.8027364639234802 0.2394475951940681 
0.1314394504416017 0.6119659948283753 
0.1005053355906349 0.027711485140127057 
0.6784471274356181 0.2734934161294842 
0.5052654384727785 0.7742210035142606 
0.780740720951732 0.3323080978337787 
0.8686580741895582 0.542141189947704 
0.6115535457307332 0.21104783236296237 
0.7474138736838774 0.2055110696201155 
0.25827377771320686 0.6539601938627818 
0.7043664671929808 0.8744647480693815 
0.905451633747281 0.6421570569351502 
0.14497520696117866 0.5864802053152186 
0.9305369897728277 0.6075465875333841 
0.6043634130874782 0.5411718190661411 
0.45301375672767236 0.42056156622954394 
0.6785232473862345 0.8822326836383162 
0.6865117601922922 0.4593625282795605 
0.6223998363957732 0.3321232681473416 
0.040822755990901294 0.6441096063291387 
0.4833804717662643 0.5593422048921386 
0.5045266826609817 0.6288762586607421 
0.6890310089956879 0.965411101458712 
0.9904528694038586 0.5967048418818242 
0.6161416346711187 0.0885344416744766 
0.19987235548129328 0.8256169468756125 
0.011293578169518093 0.7139367082849366 
0.7416753607192106 0.30823339963794794 
0.37991891620065266 0.30510131495017134 
0.760785351576488 0.8097876030700172 
0.8227668207476936 0.7875136692688324 
0.050905604903240254 0.5019280183149482 
0.7111413364711305 0.8054567566685067 
0.9770831798559134 0.6190320709162606 
0.27918395950251346 0.04691766490667715 
0.05461915471485207 0.17613071586237455 
0.24496470877317394 0.024797759504791017 
0.39084705293807426 0.9738535114520257 
0.8481171089876443 0.3589933350124052 
0.055182979665689136 0.12145787323858764 
0.8332941293270955 0.281625474264764 
0.8333953080732668 0.6073910688574219 
0.6414335660478105 0.8854596298709732 
0.8602129590093246 0.49946509250043425 
0.48906582390427744 0.4218746005883831 
0.4917403811805801 0.8329080381913987 
0.6113204720347682 0.5054023876926191 
0.18945009277203628 0.36249583509434025 
0.5027583764520239 0.7317567979358689 
0.5764821265662172 0.8266427699399833 
0.2180033247053229 0.8066972518695728 
0.4484193851694095 0.31833640653184037 
0.25538934341742264 0.875762664570241 
0.8662383815614443 0.6384370952052504 
0.27339041635826133 0.7423274574325591 
0.8054250863345707 0.0761571578629357 
0.6519537411101229 0.769804124950483 
0.04769681664971598 0.7998046959616871 
0.32312841922798674 0.039703182201926035 
0.11376092525602921 0.6312296212574302 
0.3586339434303738 0.6509097412907774 
0.3983418188095938 0.04614422480587338 
0.2229309762643248 0.7653209445146736 
0.5987478871067905 0.6278205005519055 
0.7655864575622021 0.994978107146667 
0.6094791112132235 0.15269587242212102 
0.5761659765541347 0.3591767505426743 
0.039409225732006725 0.7745404053445817 
0.9263048405811277 0.9943510217725016 
0.802634759088199 0.6837935995453808 
0.5349893675072712 0.889248598543914 
0.7878912900617209 0.3084411147196745 
0.36409565295282614 0.07587743737428726 
0.709834138710507 0.9872975255970038 
0.6303521988777625 0.03195172331132229 
0.6427142939121282 0.4492482068864335 
0.644000282590194 0.7195159009953842 
0.9934529919784622 0.807386726437766 
0.4035046221637631 0.17679048965945998 
0.6616328427343128 0.07146929759336718 
0.8937579069292308 0.009951850268928641 
0.8449855302185829 0.7508939218970804 
0.9939106939356286 0.8696490602285216 
0.3876713233993949 0.3992355060239809 
0.8630412457507808 0.4277433602303997 
0.01072067890255668 0.4022016278926385 
0.36133329228305544 0.27823936324022114 
0.5876415635426907 0.4805265245689041 
0.4629852806190645 0.7443263602287785 
0.01019709568560867 0.7630197768458142 
0.5456516811197341 0.8076893940421387 
0.19515594861224905 0.013379761603552087 
0.1532518841125428 0.022678150006180287 
0.7296424483709099 0.24674701109945074 
0.8072411997927317 0.5230818258369063 
0.9324898910416337 0.2484113865048443 
0.09332555239922752 0.2541371499459848 
0.01339821843011979 0.7988166999645833 
0.5494081159770619 0.11526469840906473 
0.46419033044738023 0.4555901384778502 
0.10996554516457974 0.5248773092205089 
0.8778723295029224 0.32631088174376865 
0.29286027680352955 0.21968297500139583 
0.014684191557524595 0.1734191662958472 
0.6487098639581643 0.6126919472236839 
0.772015069397022 0.8289298014126343 
0.8225387382609624 0.11719178795604968 
0.9928194734865727 0.4285355225553842 
0.35197022603819594 0.3618578516340792 
0.11099062082415995 0.9887249151807367 
0.5566582819934602 0.47793069680605105 
0.7449955650906397 0.7321565361757684 
0.6222624486250657 0.5603584601451139 
0.9244983279954354 0.8363684515950427 
0.9914663841763853 0.26646097381976014 
0.030270350312720296 0.2942422082253039 
0.6909493764260604 0.6538926546272802 
0.8875456148660119 0.19858564132161072 
0.9412147045385972 0.8630345728936679 
0.43416873754619745 0.34736976865853886 
0.5086411767044635 0.9632528761332222 
0.013568811492833288 0.48625271042592944 
0.8625730089088868 0.21220541027627143 
0.6836176435284284 0.7114817161025663 
0.6284128749426097 0.9649793504753604 
0.6847083863655183 0.06801116540882424 
0.23438697164114708 0.47806565979304005 
0.2520395049066535 0.18417343139157688 
0.20812239389074066 0.3099947973903533 
0.7574277326473076 0.6166696152880907 
0.34943114908109185 0.4137313712222617 
0.28573687437040785 0.008689219851201191 
0.08747043912267655 0.19788087465300785 
0.14463277056217766 0.566755685573479 
0.5935962909139153 0.05402344026020517 
0.43246470238006096 0.07193100940903102 
0.967911022092538 0.9076847593329798 
0.41662090330902823 0.010331892713046964 
0.5338563094008317 0.7452325574201496 
0.9584275213665681 0.7270854180763242 
0.25811543537653475 0.27801448102523796 
0.2448199641185192 0.7820727529355261 
0.6275748269379576 0.26157534971527807 
0.6111560634060991 0.23136260527573804 
0.16101886274439553 0.3968157903584531 
0.8843635805901933 0.8583864998456616 
0.5142797301488946 0.0611993807072726 
0.1880833073026456 0.7432725616100241 
0.3292864849005076 0.36281198914605217 
0.6490196930843255 0.8203093983621114 
0.15169698566275636 0.9156376872160046 
0.25426823219184835 0.8364013392939771 
0.3968634753038508 0.08798932533619386 
0.45824149061102926 0.2029942830328601 
0.9042512061925676 0.913312540296468 
0.6200559391526544 0.8609165161223533 
0.17226187474750904 0.5403911028174282 
0.9702721560568505 0.08394632437960081 
0.5968742622590409 0.8721389548926904 
0.5317888750022496 0.30426765403267464 
0.12984232662922135 0.12351456003251615 
0.025612227516798813 0.9926071482363195 
0.16263977637648291 0.9616035981085505 
0.3374385815742171 0.8712670660079138 
0.04561085381615565 0.011737859367533965 
0.16744167361134427 0.0949726661031981 
0.038932637253843994 0.545597922268041 
0.30645355451262035 0.8722607698186622 
0.7443291733860928 0.00481044173695383 
0.65658147541672 0.48788511478691066 
0.7167775630563347 0.42502339670828426 
0.8674372956140809 0.6060739198428926 
0.5427005044759659 0.21549600094004556 
0.06832944028662125 0.3080704917706373 
0.34634837975402755 0.4544408246104713 
0.6156909843787103 0.986122473329893 
0.9557649495794716 0.46098172257645714 
0.9263789023294964 0.6440325879850279 
0.7695219390781338 0.3973163795859817 
0.33986535942287066 0.8427025063057723 
0.17670304649705748 0.9421592778161814 
0.9802288651995288 0.23689108223276262 
0.26643244459125326 0.6093822100767837 
0.9065847517259497 0.4072035464399594 
0.7709016420259069 0.8714601847364492 
0.7692125933905967 0.9204832003779145 
0.8214171003061238 0.21480066443347784 
0.5879829466947916 0.4445205019684398 
0.4983415734814783 0.9001826669218453 
0.18477331556505006 0.33831450182150447 
0.9143177987069996 0.09101181298715 
0.6297577849753511 0.8023589398370552 
0.9442518030124469 0.763610313112449 
0.38202217041042164 0.1854574189823348 
0.32589569074258695 0.6773840938263228 
0.41213380831972746 0.35425516574752014 
0.542198893711129 0.9132297541095448 
0.15412507180693485 0.8564046975289386 
0.6533507749021373 0.2558454629133403 
0.06788587024449011 0.5272429377111418 
0.7934590469050866 0.1636942105501259 
0.3995454726538115 0.6489314849331671 
0.09522102366692725 0.6967542276261443 
0.9653856555879423 0.054759468359206254 
0.38145375818014526 0.5300551200499869 
0.43979398940718817 0.6488022263532377 
0.828165942703839 0.625089912636167 
0.5915280435503782 0.8993758313937918 
0.517903990981118 0.11524171824258406 
0.8259942340423163 0.7429660625010616 
0.14106469280864786 0.317235366491483 
0.8797490482582628 0.6607536228857303 
0.9036780986132458 0.3297490126934901 
0.20052427823818586 0.5209551719224459 
0.16933377447688186 0.8133220823220242 
0.16278817860508848 0.24730290546709827 
0.22385016542108932 0.5989025524956612 
0.0491790723306173 0.3780109741513879 
0.5530947874273232 0.08919046567064631 
0.7729542953554576 0.08978994913226035 
0.12811557821862912 0.5019659206765854 
0.4673586359171974 0.6304111879220293 
0.027123578366537116 0.022982886945529413 
0.27778499256921196 0.07682484011340618 
0.7478272881525593 0.379541003674186 
0.5399646327035347 0.2615699413152924 
0.024297192147342273 0.2346593688411342 
0.34931610920100753 0.21597201854747183 
0.7382558856251581 0.3533789488026673 
0.3969398503528273 0.9354563970527583 
0.7598602135741175 0.06894783478405114 
0.7122079510719337 0.9404081147530596 
0.08156878317735078 0.9437674756659552 
0.31304529665846614 0.08457482729603094 
0.33591737834412516 0.2782361957351699 
0.1325691068347739 0.8429906920659006 
0.8914938711681408 0.7150919364772825 
0.3870986505884745 0.3187238762250572 
0.5847461067036066 0.3068622947987991 
0.550762089682818 0.9571316372640233 
0.21297226617715243 0.438667929225237 
0.7073444160486753 0.37655307585766795 
0.9007992678818328 0.13124990455387198 
0.32885052160035755 0.6483644416314551 
0.8321022498240542 0.8191755834027723 
0.9662256281226647 0.3821915707472072 
0.4450792982367116 0.6910028658182444 
0.4847262938198363 0.17370527813073272 
0.5317002523148752 0.17989193923085545 
0.6891183333835091 0.02810010679290087 
0.0952029612788654 0.7692641602874027 
0.5862720218353463 0.7247219604129735 
0.5250101740040599 0.3771027366898833 
0.8359683368704343 0.48377632560736056 
0.8529999711957463 0.8631611687975664 
0.6345220347844851 0.09772161146857394 
0.41767225680928277 0.8045379347027897 
0.4255809879165523 0.446510397072076 
0.01080021213814153 0.14333979858449297 
0.7134967345510469 0.31932492328327877 
0.7074512371137647 0.6634704820792524 
0.10497747505016802 0.7181960093558044 
0.8770505521758858 0.26507689586338945 
0.8926446636364087 0.7835671670271875 
0.22049695236916056 0.6282429691668688 
0.274019791046465 0.376241683279915 
0.9302731802446728 0.3253627371886481 
0.6643687737895785 0.9901119726583998 
0.37068214590960397 0.007002396484838358 
0.3060421714220755 0.9757524416700243 
0.8223395702528706 0.5564744225806485 
0.5838471573743305 0.5574027356377907 
0.4393810842348076 0.9243605993126109 
0.8579304378433923 0.9345386112553624 
0.3283772816503422 0.5418203732787923 
0.7570906178620811 0.3452931797522199 
0.8048166407271029 0.8250264564171103 
0.3020478198103842 0.5477037954452212 
0.3757963230632051 0.44267167416917275 
0.06305006760206022 0.14850858219276358 
0.8036653765767019 0.2657539675689353 
0.29309127263201706 0.6462833455052384 
0.8326258590676104 0.007984204942928008 
0.907620682010267 0.18175506761599963 
0.5315612747276661 0.6906980895625621 
0.7259519349907952 0.8123195459027839 
0.25957664542874315 0.11675741252047145 
0.1830310307434524 0.6990793035543386 
0.3533667883319215 0.8032972752608005 
0.9730526267246884 0.5134852452986515 
0.4318259352986191 0.23631548692394388 
0.736388555146892 0.5671387028640047 
0.5390015773760802 0.4496944624026799 
0.059002769337179406 0.23927636337906977 
0.03506137339770904 0.19823824177323113 
0.16749506937012537 0.12381589999641257 
0.00857955300332458 0.25192693133906013 
0.6012516222546717 0.46365609367318217 
0.2755576658520104 0.20085613415707126 
0.5960929883625428 0.38485160300743276 
0.5585476030113639 0.6475426988253123 
0.9139858517861443 0.7099407687776567 
0.5972159166250451 0.5798356226549124 
0.3660082565798769 0.3320744844649119 
0.17915857734892654 0.21883505265665226 
0.5280557908495347 0.007084513238035772 
0.8999346411519185 0.292413876647428 
0.4855788816089581 0.745533489340415 
0.181907833950416 0.43099127465227105 
0.9378938825440517 0.8864168678042711 
0.47104603986728105 0.5006907691885031 
0.36242168058465446 0.9433310257042796 
0.5255321778281865 0.6423064661190191 
0.27752676303859364 0.5362921945377878 
0.765363171273228 0.27882179968749277 
0.572113074441827 0.08808298645050539 
0.17317364043724903 0.5122410167720597 
0.8058973894902293 0.13462527350097592 
0.6375507405508889 0.37746403026961756 
0.3460675588225305 0.157764757263065 
0.3073021666575255 0.49270938005176995 
0.4270686167397992 0.4068695861176128 
0.010133698386822598 0.8873344578972318 
0.7332701054868442 0.6298713660869966 
0.37310935169952486 0.5841600586644584 
0.9651621514528554 0.9733829434975552 
0.031428920320120124 0.46415398627332805 
0.8904679926805318 0.5227872379255114 
0.12153743722416138 0.7314096795631164 
0.9781373453488538 0.21196252380019331 
0.24828277581414598 0.0058609838316130425 
0.5864176662305577 0.9259436694146514 
0.7295283910395859 0.4516943231300843 
0.9412982750846167 0.5683177971858583 
0.73893467394495 0.7116534037620011 
0.77254610873088 0.7025383011114028 
0.5345892926621599 0.5136446312817463 
0.6940214193136564 0.8149609637556583 
0.36922986644558214 0.505812113901293 
0.4913749449968132 0.8770676426829587 
0.3320342086927737 0.38993952098482376 
0.40697403070572624 0.06929062621714732 
0.4169958733937937 0.8838938652930917 
0.9702564645147415 0.6991674453424329 
0.8607213727672367 0.38422421779464766 
0.03025169470407507 0.8343004257138473 
0.3327759611772912 0.09306366043843567 
0.6679643182769226 0.9073917856904714 
0.4326596804212337 0.14183686923448768 
0.1991175852882185 0.19216822913807802 
0.3373615981384014 0.47838154293928126 
0.1973231213185344 0.41111255346301817 
0.5309808551818026 0.7976314820966977 
0.39531929642738406 0.5447728560074092 
0.47915762189158356 0.6431174206792494 
0.2242107121553168 0.11693799994993437 
0.5558728231327623 0.9034545679150319 
0.6928659753214524 0.40208081427381315 
0.0268589903175962 0.5311753542048475 
0.8043830831986867 0.8504056918429586 
0.04486519997203475 0.4010524431887581 
0.6421959603742856 0.6554905712091105 
0.9053966703082569 0.2723505116174996 
0.12577386509005312 0.012736645665918034 
0.24105228673348716 0.7449239194438129 
0.984633513581157 0.7617546903549726 
0.7554735098516094 0.5570972613318187 
0.6116355229893174 0.6857674723596552 
0.9748327258570112 0.4656530390719374 
0.593386262033454 0.9639808145877589 
0.7206861473677384 0.5538342261686798 
0.4242386649476399 0.8567950383880936 
0.8553467637684414 0.7230030049777573 
0.5064293210252042 0.6776348006816516 
0.37975346533151955 0.845785402960382 
0.5472860274972641 0.8492475459716289 
0.7727051024186747 0.7859773854917096 
0.02427232646058397 0.6574656090827682 
0.2063826986167251 0.2191099716601554 
0.43498304793534376 0.2880099997978114 
0.38247793752844317 0.6730339938262746 
0.1763722250647718 0.5779044034810603 
0.08372215188217391 0.012588565629249537 
0.3599989012890042 0.74327051671219 
0.3319150179913246 0.007231518554336458 
0.20324198730702225 0.7761044294598013 
0.5627753455516351 0.8132611238625299 
0.4109528550765392 0.3148051465310942 
0.3027613624576537 0.3586769670125979 
0.1240775839844176 0.3641940817294328 
0.7360840425454707 0.9718043458100141 
0.09150861846222846 0.13807002905961158 
0.7002461919372963 0.2483569998893252 
0.5072389307231007 0.7142917516357608 
0.4203111801028418 0.7833364824907993 
0.010529513182545303 0.6450431930324363 
0.7856030865206236 0.3493780599262876 
0.15803809124066348 0.4307665169313879 
0.7618599192694802 0.13891711936478535 
0.5372588228221499 0.6024621022799347 
0.41204848849750386 0.9628008446108302 
0.42966982692907824 0.6816682944596796 
0.5950614341765091 0.35239391844724355 
0.560585752903515 0.5855345202651923 
0.20223246179845583 0.14878439285262163 
0.8761641232745401 0.48935340457528176 
0.5188668428235967 0.23960020240402846 
0.8136905524514351 0.4386203107091265 
0.5932748164779809 0.2921331898134043 
0.9369250318305975 0.2705366748758888 
0.4205859119415694 0.9953967574013483 
0.3539363936865276 0.05263660368760986 
0.21776714517307544 0.3384122727370673 
0.759479905809578 0.6803276603349291 
0.4927530370304034 0.30819194294495234 
0.06084379260403672 0.9282502742324767 
0.12889439578752332 0.8937961500587035 
0.45706354309532105 0.23536366198316988 
0.437393247382738 0.9042753449862337 
0.9008421854609366 0.9616816926180898 
0.6754465880107776 0.7358148359626762 
0.6285069096918505 0.05354340680004788 
0.6697355526050235 0.2962257858778279 
0.558945223566824 0.6681557623899134 
0.22069173672952785 0.5646926009337824 
0.33002473053877296 0.5852508389608523 
0.799705210529058 0.7572061507050594 
0.790265855774066 0.037931968422704465 
0.06280084640799882 0.9880788780636414 
0.02715481330212932 0.8795786594592262 
0.5693155817290743 0.02547685990587878 
0.6552860960772748 0.23140903989819783 
0.9021351704388363 0.564124761022037 
0.7743611157360268 0.37067138594694066 
0.2644866610334605 0.3332105184565337 
0.8907828611222952 0.39132999474692876 
0.9774059492072495 0.7989890738901766 
0.17954927167752555 0.4685092563631846 
0.9945517595237652 0.19326046903146848 
0.8921666930066625 0.8147938861511528 
0.9831593415161368 0.1550044836937709 
0.0497140874080782 0.8659715851713393 
0.8167954334049767 0.6401521304094012 
0.8348253136212344 0.9340410658660273 
0.9454668258403985 0.9464379715750073 
0.06315133425379721 0.9099241218217573 
0.6276149616362814 0.17376312222887463 
0.39375949427398105 0.7818595135070494 
0.5269168669622136 0.4322617789381702 
0.668981580548719 0.8543695121056536 
0.13644552714719532 0.4158737025297923 
0.3932596086250539 0.452609945984501 
0.19214943301798143 0.447081429044268 
0.3228393163539848 0.4573078089029464 
0.721501667048535 0.48607634604605743 
0.24661059482288455 0.4369634476428467 
0.5327515616911833 0.9777474090839466 
0.5648072567059272 0.9927830330605566 
0.22906718727578046 0.1931182861567522 
0.6615673396738588 0.032660166449526684 
0.013029294538820735 0.4351371328196313 
0.9764298725806747 0.41745924250835215 
0.7670328783356235 0.0323818535482836 
0.3605653442650073 0.6020596799651717 
0.08074733926354094 0.2815559673525284 
0.8447314208572635 0.5889840300213051 
0.8687719798867344 0.7737937662737947 
0.6228068295664307 0.9387631733479629 
0.7893561055774397 0.7991601492678608 
0.5797168624392511 0.5047546537943975 
0.5555508833833567 0.7728591300017725 
0.15877107402839258 0.7200789979321449 
0.01094723886225607 0.05481839762773044 
0.8529998142378253 0.9150190110977163 
0.94745684046798 0.5099899856129196 
0.9841437601811599 0.10160347618309751 
0.25575672619927214 0.469739456755537 
0.20445986583125858 0.5907660062868385 
0.9104742507865262 0.24487162860606504 
0.5860809180085593 0.6999124811185895 
0.9474363220835826 0.23834837718259855 
0.5403386029874512 0.06865551851902318 
0.8749448622860063 0.7443503578409332 
0.9820346490687075 0.5457037962858475 
0.2039486287184517 0.10488656561628257 
0.258421440197673 0.255371132569995 
0.48458961263105654 0.7733519084511472 
0.7576153925366343 0.4247888734537525 
0.7088295528025975 0.20235907456954433 
0.2078769032271121 0.13128408110570272 
0.6539191562743158 0.08817399799451581 
0.07470102928151179 0.6656246605454417 
0.6635714808007157 0.15601734565670977 
0.5717593313166979 0.1422061189049295 
0.5739723144371593 0.7536624780756529 
0.3599503103772097 0.7085918127724018 
0.23115209514446788 0.23518857048849334 
0.7825440281198253 0.2365104513399937 
0.8569794941721702 0.3265364053921179 
0.306410850027371 0.008693109866189763 
0.8386559973955431 0.16629742477861875 
0.7199927886805522 0.4010958604447379 
0.9415455774149568 0.35077340227244946 
0.3161579251791703 0.7167172576061988 
0.7738762894814253 0.2065607812235415 
0.1876095086776402 0.5573121638108012 
0.32576663983531207 0.9952375874177324 
0.6200206582342742 0.6006997965706726 
0.1069378899008172 0.345093161643626 
0.24906820412575514 0.2319469460677548 
0.5995652295795932 0.7880869614179198 
0.9705629342622992 0.5964867530358284 
0.875843282106828 0.9002522739489862 
0.37980494634603756 0.7995103537420483 
0.2965102105744582 0.8300208936740581 
0.45661524388678476 0.5655029872652757 
0.36832477810359304 0.636911605018036 
0.5294901574234268 0.5393888716132886 
0.07552999622989942 0.36100177038430237 
0.03454752066164818 0.09229635937219638 
0.933311797255006 0.9008786865253688 
0.7849845164916116 0.5608073876366626 
0.19187726741971006 0.859519590640595 
0.6423188861819497 0.3412716956732575 
0.6885637138525684 0.6866062878232665 
0.5537574172309091 0.7193317704653437 
0.3766557606611258 0.8661063510400231 
0.5040192199989656 0.5171824442001363 
0.4698269256968122 0.11674964120861897 
0.7302035827207022 0.7790913166053587 
0.9891043419113767 0.7036823636066294 
0.5515509152630389 0.5628202595252861 
0.8005154841981992 0.11215669590209365 
0.44802026552957874 0.5363491857099143 
0.4282347836922271 0.4983651640606662 
0.09176281260957103 0.5664124921364114 
0.6285318103035257 0.7411288226464453 
0.738910684835867 0.6839367959646574 
0.6929895554149027 0.35898566322887937 
0.476011714012093 0.5997335408479751 
0.4918494417775297 0.540094692274701 
0.07458288825684078 0.5490149752087372 
0.988758936416264 0.5045485350622648 
0.6536534349648404 0.19828835786164056 
0.6872346618201011 0.6378714873583736 
0.7497975361750069 0.2353331424852153 
0.8778335676281106 0.062435480309559865 
0.3472490951779586 0.7791987467224696 
0.056963363887188145 0.7410375428072242 
0.949033184989356 0.48031861654121893 
0.17537333350874895 0.8747247300114027 
0.7171540687559064 0.02318972134968894 
0.8623066899893572 0.0948579455962173 
0.008910747094109939 0.9291620596753898 
0.7773624430710862 0.9672785913833468 
0.7133253699495359 0.3427009911127896 
0.7362710236647118 0.9478117443225188 
0.5167849583571312 0.48871967539481825 
0.40132565505123047 0.2561475633743745 
0.06742088823457587 0.8256224413920015 
0.919206569765283 0.011538752862358725 
0.9774779365091548 0.984450098752723 
0.926311260795742 0.43044926826920804 
0.6353678086572572 0.5256649319044799 
0.012266762704906065 0.19966231708321935 
0.22249249046410163 0.9395361729004511 
0.4706140165634587 0.9907175580395131 
0.9592615059671192 0.42038354566525493 
0.4254068696103887 0.8303405602824043 
0.7760127660848242 0.7617773093647443 
0.8937181399938018 0.48459671108123725 
0.4742390908399565 0.057216691118410545 
0.18406620221003916 0.16892954071301558 
0.7363490381574608 0.2681776141940746 
0.9453362645596682 0.6335159523381468 
0.5866127706805051 0.2495726478739167 
0.3743591761442936 0.8908160714377533 
0.41256609955843354 0.6645086916710262 
0.6811281521562861 0.9764559349172887 
0.12162179922760452 0.6664243598685262 
0.8192600797073846 0.021986073284263163 
0.6550129702915162 0.5491496916664311 
0.9880286070629679 0.04469686505815429 
0.12060219455229271 0.5647848442987826 
0.1558211233839797 0.6813429640898853 
0.222363346430397 0.6771494049155822 
0.6731864723591854 0.7960518654520752 
0.8190057047663599 0.4874365997506015 
0.22154408204201742 0.9652512404268797 
0.3223532603640461 0.1484514852332947 
0.01748370838076513 0.745009200934877 
0.8592515349656284 0.8153374109779528 
0.6929334763537185 0.5567806671519899 
0.07910356171649047 0.884973726226869 
0.49030580767795817 0.2529720909120592 
0.8675253160777165 0.9955961500788001 
0.1385984195663134 0.27702290039140265 
0.9282216731953175 0.6987480747434986 
0.03317889712391997 0.5697521386446077 
0.3923407384462438 0.028114495455516086 
0.6803971108369452 0.9286862456235976 
0.8135922109437304 0.16610334343818528 
0.37436829982266323 0.3522416314507112 
0.4818217325797199 0.03644942868345025 
0.9387123501298597 0.027455396817341216 
0.6712176953524671 0.9474679929068809 
0.14070322963028958 0.6658372140925874 
0.6734759971763934 0.5974968518730702 
0.8523563943024397 0.4633305241834901 
0.04789671215894348 0.9628628407321426 
0.9733302620586919 0.2609189321546047 
0.1585333445645506 0.28850248171070225 
0.4907391232767465 0.6895710836265642 
0.32283537859196343 0.2451023170190143 
0.010466387653571996 0.3386428229642632 
0.734249209011932 0.8400189735579962 
0.704117830467703 0.29899758825590206 
0.25986241951572564 0.9056696625510562 
0.12058567896111994 0.08680009143807865 
0.1254421540539406 0.4736765904469851 
0.7589493653668586 0.6572285197128327 
0.5660095602937001 0.5499389658763341 
0.4158313384620236 0.42259781315236933 
0.30197495535721025 0.753884380966805 
0.6157657223721035 0.6430110780401674 
0.9382603855676204 0.1879577101280407 
0.45306726454880775 0.6358897483923924 
0.00600553373753232 0.523048003609513 
0.3067234735015821 0.6066435572739413 
0.3813238581110062 0.0904340450738555 
0.624924203730944 0.4144031671248778 
0.995103477676702 0.965304646196432 
0.9012769066587518 0.6660838875647532 
0.7910494023522412 0.40786664497468605 
0.6371074691837585 0.9194440463132278 
0.07004476836563062 0.7073853523057246 
0.6011229438149589 0.3196334411919822 
0.39349189386244654 0.61157136887091 
0.9355247480153485 0.40506935053088394 
0.9908278204152754 0.384614667256439 
0.7990627715805638 0.32636229409043727 
0.8841119507190066 0.8367074648908677 
0.3813651703031032 0.99166059307742 
0.7238718183106241 0.1265219733682914 
0.22541997718779883 0.043931836231715204 
0.6322938241939122 0.9973361416086045 
0.1669709024222515 0.3304973678940789 
0.24793422576278146 0.6951972676119644 
0.47159047839949425 0.5251436082836121 
0.38048381398914605 0.29204204856661803 
0.7858610630810745 0.4695700375085852 
0.700888296263161 0.014732702629078553 
0.15367362266996043 0.4818645415737329 
0.2504529382888699 0.08068961500803445 
0.9012327191361604 0.6170343129504671 
0.9383888815905284 0.1164311548851894 
0.9189304594063058 0.8572084839176006 
0.01167249552109112 0.10580901859072933 
0.320652972429918 0.8121354382483219 
0.501835948531077 0.32895760181718026 
0.5740474080125649 0.6812080957140799 
0.19026357713702957 0.9537567681012918 
0.6196577651298412 0.6679455127686061 
0.1285356362299898 0.19842148823684197 
0.9385235290910212 0.45335339626927407 
0.22455158317965407 0.38866008956912446 
0.9330221636376945 0.9311536953982449 
0.9892083571412887 0.46341163645025973 
0.3953103261295441 0.7271462101854317 
0.5648977338998651 0.4542710111136531 
0.2787169018047369 0.031602551087889896 
0.5394588525556611 0.7660871328654465 
0.12709347150726813 0.4469760514062949 
0.9414370681796764 0.06192636325868678 
0.9160832813586394 0.4729937409885593 
0.03550126546572907 0.1471679230785496 
0.5242411519226344 0.4007330501247449 
0.9171404856239656 0.3528901022021424 
0.41709457800633354 0.034376844264494555 
0.25992529894763317 0.6268149658165036 
0.1924679439655831 0.23779488896358592 
0.8537783904361652 0.6776226868059174 
0.08165270071716285 0.17744057774896982 
0.9300599068397979 0.29514103198623765 
0.274350598119296 0.8040851759305694 
0.9074357401342275 0.056800114613315245 
0.9580201097097115 0.15024574426396725 
0.09387739446428917 0.5401301418166771 
0.1303242807662472 0.25968700085890706 
0.1786379420500966 0.3894806723516539 
0.03831147432254389 0.9499329183756616 
0.4521922942731252 0.9404563356246305 
0.9099806658092359 0.9803269961449357 
0.6297167421059854 0.1488101675849886 
0.8432586279210534 0.5556717583290246 
0.011737812766568267 0.9761386882291891 
0.22987393394795597 0.29931817152736995 
0.09042663275315987 0.3234297745568637 
0.0914088706109249 0.7288136015360701 
