0.49173674910866844 0.4822557156577292 
0.9303500725002608 0.437740680436038 
0.3577108905769299 0.9172242413549965 
0.11187823530544588 0.21120356008283542 
0.6313861076289009 0.05201590748572332 
0.8406908610920337 0.9106468976368285 
0.22382283045370827 0.7010970487655328 
0.8479617270718276 0.21971055532109224 
0.5830070258301893 0.7793961939018643 
0.4130738451688849 0.2618270019092169 
0.09468732070560198 0.44406027887704325 
0.6853057990158222 0.5065757198966692 
0.1843488425789661 0.968902486251558 
0.9310779223088633 0.7479554935308506 
0.21263039185324983 0.05555394459203433 
0.10759755349949512 0.7682795079873109 
0.5831712099270027 0.21942162158597117 
0.3210644408451952 0.4319951771770221 
0.3914895338926706 0.69615417739946 
0.7255170543865033 0.705103709884042 
0.9672367400918458 0.038445995463125715 
0.4386748671267666 0.04542344709373619 
0.6766043351247507 0.9831093977862752 
0.79999199850776 0.34596023999000264 
0.16936440684654164 0.5387871688419222 
0.9066816323662907 0.5214970032312899 
0.841390860538318 0.10533071972893909 
0.5391629866023046 0.9278983562257797 
0.3175849157013421 0.13124224161912973 
0.12416898074450627 0.2936871386231325 
0.1009697084711646 0.06994990860119266 
0.07412454972002869 0.5829103488198032 
0.5716915906396783 0.3771987361479836 
0.018783698121665082 0.9563876031037486 
0.6031075408410881 0.5657632556163 
0.8602592621154783 0.6512060017927316 
0.3729629956113033 0.5444729610930029 
0.43625995473925605 0.8364377221034554 
0.24815240282739526 0.26494064325751737 
0.706702787911448 0.8501072464253153 
0.21353002113194774 0.8127069382054062 
0.649294878680866 0.2875210110148577 
0.9466548356993751 0.8532274437881459 
0.723441382015531 0.15933067208836016 
0.8996099980957499 0.31487708692571914 
0.4813168354409865 0.1623902948352845 
0.7870432153606247 0.4487282054625821 
0.9488211731228006 0.949681816468574 
0.8075031492347438 0.5661020467846976 
0.3237473298579183 0.7797904237129243 
0.6091200473064419 0.6815621276564847 
0.26358678765352894 0.5756478959478886 
0.9598116746587965 0.1617892660774241 
0.7566838680207402 0.05499255846874801 
0.03871904919799579 0.8349562620169382 
0.9870099349439206 0.6000200683440409 
0.15983294436411677 0.377219404221852 
0.7935716362946168 0.7478622834067479 
0.5393059044259264 0.5719281432507133 
0.200663454193305 0.16993724237738012 
0.030227430937083466 0.21862185841507004 
0.39118185083090895 0.29813659370243606 
0.4072207040368713 0.46459215979158686 
0.5391852473089641 0.1184119363694085 
0.03391754394807489 0.4298164923144192 
0.2989412833929738 0.015550301764411634 
0.2954509146293966 0.8694821273411497 
0.4926485251203068 0.28979838002297714 
0.5323995887371065 0.6583255267843625 
0.6462026029648686 0.4400537354032928 
0.14786613308406582 0.8974434321231599 
0.6490244353172616 0.8521259507423941 
0.04440890051829083 0.7161134500685006 
0.22627865692469334 0.45591657741584307 
0.37004962340060443 0.17081024549464735 
0.20400418246147223 0.6417634529550974 
0.7779351060550452 0.22870750030252424 
0.44898887872450577 0.9574759266231938 
0.6590845191938736 0.659451355013658 
0.030371227362670394 0.33815286382539733 
0.9616654865090428 0.25631757419207146 
0.3572311558571537 0.6296973166246334 
0.713605314542733 0.5815664828011495 
0.3875279075399766 0.3966191807558982 
0.8094861946234537 0.9870558443032528 
0.703790867575812 0.36526655648500567 
0.49892447459535294 0.7761543831667101 
0.008311705059315 0.059682167333484415 
0.28973342574753724 0.924299002055876 
0.8558133289212755 0.754160858545162 
0.5561150722921628 0.04337780912270611 
0.48185278568888323 0.3937447650095673 
0.880786185241082 0.043701203910048725 
0.4497841703454174 0.6235333239268347 
0.9254523819570726 0.6540840888588578 
0.7222360463962904 0.7984208186555426 
0.08024946153289236 0.6387618112276129 
0.26425687063084935 0.35225159458977573 
0.332733866505198 0.6976996568551476 
0.9929177525243684 0.36769819854265656 
0.8494366935314401 0.4209590260695293 
0.027237070701588484 0.14960774248619646 
0.40053725110594696 0.8767063038718207 
0.5953446170599819 0.8943014843340631 
0.7320089706131492 0.919126016734852 
0.03174413823005445 0.48093311640250064 
0.30217605672673453 0.2258523276795371 
0.8137142131831441 0.7910503456399844 
0.5868438903040607 0.1267286497612391 
0.9249921784490517 0.09756438953590019 
0.03170767119582418 0.6484866736040412 
0.294950032616238 0.49672926554132874 
0.5983538924133712 0.4894916606192074 
0.9752733217104204 0.5108012278030177 
0.3267180373004094 0.2932328234642669 
0.1448229315972408 0.11706791207608558 
0.507966361750859 0.8472539417782559 
0.1282768431626073 0.8211068124908887 
0.8519957666286004 0.28973910313080314 
0.07083960005528261 0.9081581776645234 
0.34844916869234804 0.06062323886970661 
0.2428329732525501 0.1799895999127462 
0.6279472416303399 0.11064436158930518 
0.4112939592241098 0.7647304489941585 
0.8373389147159154 0.49266700379757344 
0.9883189861336145 0.7313558210624104 
0.12866151757796312 0.6990457090896043 
0.7472822873107612 0.6250735336394713 
0.29772312246253607 0.6532530219548274 
0.7433456677459498 0.1319928473045301 
0.5926572299027102 0.3126296448809891 
0.47196415849874407 0.13576088935401887 
0.4693999970781281 0.23117650092231778 
0.884315651181876 0.9186996044488362 
0.14246357026326728 0.006180931357571751 
0.23961182713832047 0.13687682899141207 
0.7345143432973993 0.5355373672836287 
0.6472288914366217 0.22862427850084943 
0.8901692295427264 0.5751131134787096 
0.6833585308375606 0.7478838293785148 
0.2066938187870625 0.8734134901809655 
0.7480385005575285 0.26561622455111145 
0.6278788704473441 0.9720171326564138 
0.2532445363661081 0.9921106345527333 
0.11638713571576653 0.9828432873952823 
0.19069410100076 0.2529449822301304 
0.7363554484602477 0.41806954648611605 
0.8168344250182611 0.8785695519568602 
0.476806035281293 0.6950372455827473 
0.07904331657956615 0.5249252667363006 
0.15023763920222988 0.6249073752220307 
0.4670603126893064 0.5758113600405561 
0.6820139392816704 0.9266875333157825 
0.8781003954250883 0.1687468175012624 
0.7958636511125133 0.039940965943222606 
0.4456924196757167 0.3146291569118463 
0.9486818904032083 0.796451587823316 
0.9014065835338125 0.4064254638626099 
0.6960155845614989 0.01636982279649457 
0.6387771084467474 0.38020876104447254 
0.11127107748427223 0.16903578960844345 
0.8103427470426894 0.14638810044095552 
0.19367371651992948 0.33402522717242017 
0.5583941556497105 0.45881787547541797 
0.875959864326156 0.8549364019338275 
0.25630109141106194 0.7338802442534178 
0.7038386209940176 0.2910999274457367 
0.4875554036116147 0.009140527599069859 
0.038888325889099795 0.28203197257802703 
0.5803155287599572 0.5958523101792802 
0.5843493500854475 0.8484333353865494 
0.5403954121383775 0.2517517000167485 
0.1678908579388757 0.4512877216819418 
0.32736794661195 0.9692677137162462 
0.8088101360637419 0.7198982130107401 
0.43958889623646863 0.5095845408032229 
0.7598614494004476 0.8508675741125752 
0.5125015893361192 0.9898360467968914 
0.2048337722223016 0.5465912823002488 
0.3708940497838784 0.47541203958322087 
0.48372350815660126 0.9219411198748725 
0.5010808749921406 0.05991679625977403 
0.007140138840322219 0.7840929041144213 
0.8978193427545689 0.9487062370937788 
0.6304053667524216 0.7915593618473061 
0.6946235143802881 0.08700177215077237 
0.8780127443235113 0.6920791085088425 
0.33676419360746057 0.3368756542085973 
0.3549620805980387 0.8232472450404863 
0.40959420174321937 0.167183942163471 
0.9202294026030013 0.21635308485534727 
0.654237324137804 0.6107474233154254 
0.13609801246083508 0.5869208149735311 
0.5393651149193759 0.7511221780773893 
0.031114347283888455 0.5765582881548067 
0.5468690557037825 0.3125783103751165 
0.06580718678281455 0.34710898794854406 
0.17053302983355945 0.8164870616709383 
0.8247718541417735 0.3726300068955948 
0.44049335044840154 0.08962071411751554 
0.7063189063824555 0.46723618762458 
0.9570425358190873 0.3565731942771778 
0.24313443561663967 0.400628914053321 
0.03373443339180815 0.0031088144213148317 
0.18731218635588193 0.7671572039017766 
0.23586076983315218 0.05760474876361654 
0.30188912073410035 0.5840764721955152 
0.39949988027414784 0.20837725747528485 
0.07232036542257725 0.2071573840629541 
0.07899676001955563 0.12479118219559965 
0.07912881688062523 0.7880423467137867 
0.3554647808029031 0.039421407355143545 
0.5409671977680265 0.18949659707037436 
0.7459786632521892 0.323714571151529 
0.026579360918909112 0.8811378654492306 
0.2989962545073224 0.7332979227562068 
0.19943418961917586 0.93019804325572 
0.5242018929166845 0.5129498967355919 
0.5752416912054497 0.9725461615446317 
0.7942500915133655 0.6105319350043559 
0.7813056305412807 0.4958360809119691 
0.9530640169623663 0.8860368116927984 
0.7742478676257049 0.9639464768849213 
0.6498769759927752 0.7048535130364573 
0.9143294637300304 0.47645121792657097 
0.9564647809168303 0.6787060570095186 
0.5742944936011166 0.714337984186569 
0.9443345017277285 0.6074415838981547 
0.3822171927228006 0.5915904321507293 
0.7839220818499579 0.39617118507671983 
0.2649051041070798 0.8275970231391958 
0.3926386474901058 0.8044275954628705 
0.9889070244138309 0.12268628930027647 
0.23311658682918784 0.010468848373136774 
0.9774616726011658 0.4234923753319989 
0.41729758376241083 0.6541498214654516 
0.47737960184992717 0.4397604045680057 
0.05038334492850988 0.07214548867279813 
0.9251360497742065 0.14580188042588055 
0.2453922449110134 0.621672020156722 
0.05880092884907445 0.9856491734481271 
0.37542353240941073 0.11981289238545412 
0.955206749767139 0.5588068678845111 
0.7284812481004819 0.20431825889696237 
0.286315620520479 0.1833637616171867 
0.27837734971871253 0.05802199104666789 
0.2585077489179951 0.48176633168633315 
0.6198439776930826 0.1723112377794762 
0.14624140731310287 0.22193295631065352 
0.7995701557321361 0.9145111016352594 
0.3756170485414093 0.9718075907685128 
0.17354925818327183 0.6694087603181402 
0.7915932269677272 0.28151225261004376 
0.04373200736862942 0.6717854906130122 
0.08412515649661773 0.8722248602390634 
0.8454042719768556 0.9904151965525334 
0.2810875280688524 0.7830922516765475 
0.354698840326481 0.40369810662582617 
0.08810816801939347 0.05136559193584722 
0.10267019972372338 0.3644331409606144 
0.35772474730131765 0.7298915283575078 
0.41780745335426595 0.42043619262945675 
0.5157948232920888 0.3348897811566791 
0.2015999022486336 0.11090426325182345 
0.02248527515072457 0.36215686056156926 
0.7932764666709148 0.6662729234972162 
0.36988061197495664 0.23074377209128338 
0.5110124431419081 0.8886582680073563 
0.19046189273652236 0.5939223797911084 
0.8476754155397151 0.017998638561691704 
0.6567351172398272 0.13801468337864103 
0.14298928034870956 0.0547067191819971 
0.7831704020080472 0.16114039495191085 
0.9760619470579022 0.7935506646987744 
0.6930017339087952 0.6376622343474049 
0.0869979772104747 0.2874953456989449 
0.2357571238458525 0.9281738413787378 
0.972782922161904 0.31999702819987197 
0.6579018300296471 0.550389523325517 
0.7834036450207963 0.0980083441279943 
0.5186149812898092 0.8079805978104064 
0.6192119894243555 0.007978761470657847 
0.25572971251583465 0.6793326960362538 
0.9958499392457396 0.19267325673476732 
0.7798870784815175 0.7950754187283272 
0.24752125138856845 0.2151801263212268 
0.6821414844596523 0.41466022708191813 
0.9896292480144935 0.9413266756358105 
0.7890115472063545 0.5475464340382411 
0.8777259497210119 0.13977665708847986 
0.1655792659119899 0.7377231468808503 
0.5451852163704345 0.5269710935274529 
0.43320849267371375 0.3739675303413347 
0.248643501125001 0.5276743772947077 
0.8685257121366396 0.3295490101113458 
0.5948080176592917 0.4123006152272976 
0.3314137309118127 0.5611372097420363 
0.609743589076019 0.24996118411594764 
0.055473503809689795 0.13867433093572223 
0.9672966136364902 0.09903260076809572 
0.9895520914223958 0.47582935441847013 
0.12432322483104008 0.9067467082935449 
0.6084878226031013 0.8743834504755646 
0.07060606797318114 0.39954873498521704 
0.3730729368200598 0.3561021946697189 
0.9097523098813443 0.2810465115680736 
0.8145960633218117 0.23273741785261876 
0.43111617857392504 0.7259464271492508 
0.4913902422740904 0.7303811043035415 
0.9080815533782916 0.008810064209676893 
0.850804922697264 0.7988593732577075 
0.4301685776456057 0.556032356130528 
0.727631628468858 0.9918764006142893 
0.8670130162541496 0.5376772681239778 
0.2987563764663924 0.37241382181807803 
0.010571400665072339 0.7031305863539064 
0.9021214002591423 0.8178773613382331 
0.13253676156586647 0.4891804864327368 
0.35093313007432236 0.8591655535427019 
0.20531089503120442 0.49399781348563104 
0.4047516464977772 0.9355366491656303 
0.6455647642659682 0.4796210174786248 
0.49306059386844037 0.528246837507003 
0.2035846039098418 0.3978096807642761 
0.5916752487669573 0.6460518480556914 
0.6892467325207927 0.6827960015988327 
0.4835917681946136 0.6558186599430061 
0.6774731785761952 0.20353087868379444 
0.4067559331530003 0.012041786353868156 
0.6530292067279414 0.922788574739358 
0.6789725472436657 0.10901892114810441 
0.4420844602095019 0.883142681805224 
0.7486332453879592 0.49751015133044074 
0.1864202029505363 0.2109329606671635 
0.25345130980074104 0.8821212242807366 
0.7656244485107886 0.006746237425043711 
0.863069849676191 0.5754745694130976 
0.23955293190549537 0.27960788572040374 
0.5334815537184254 0.1606506404425146 
0.985186419457502 0.8785308457636739 
0.13830723157784974 0.4192275027013982 
0.6598291798059036 0.3453006100320306 
0.1212412444118176 0.6632231675313797 
0.26209240412382784 0.4344279367731432 
0.7461898418710706 0.758178553937502 
0.6277724410489836 0.7491288190262434 
0.6723893057353204 0.25141096750529857 
0.7606520454482186 0.6608060947200721 
0.3942864143228199 0.9890390305224617 
0.7507718822425382 0.378477395311701 
0.3350633359040518 0.5148121276941979 
0.15963101596427376 0.3368071644098659 
0.8158695092921262 0.3199291448754288 
0.5394158090275509 0.6237989001048628 
0.9746364991247582 0.6406079784486389 
0.29977699052026396 0.278782994115563 
0.5136635821989587 0.41615251892425975 
0.8390154234527021 0.4461377867712685 
0.8034368229236133 0.20315371377463354 
0.4676936094160775 0.9854296712625159 
0.496725549933288 0.09629458173692584 
0.16441713137753577 0.28162078813022795 
0.1631296807151778 0.7781594080889234 
0.28137618995839264 0.11219311119407277 
0.9079356893010544 0.7162149333590608 
0.4480430729458015 0.7670357311920849 
0.36699571007524834 0.3059243646739682 
0.19460302219579945 0.0085242864033796 
0.9348523460855249 0.06108870608021799 
0.5879210496650285 0.07210196368454419 
0.85390985295841 0.26351759750329345 
0.9548241783337887 0.9707155581443132 
0.8290429872109677 0.9508499394506102 
0.8786570273823642 0.4862356704893481 
0.30980376160768774 0.06872446746873584 
0.217179514179693 0.7637952717124176 
0.7696797198922308 0.8811680073749939 
0.43909940911805795 0.25839636288293444 
0.7155816826066731 0.03197848683062576 
0.07819205660495787 0.703864777426973 
0.5461894426569536 0.4136344625186972 
0.7005902313738708 0.9106985860653363 
0.844184892377709 0.6062347833087752 
0.1764868172599403 0.8594451090441834 
0.7550615704349006 0.587391571106504 
0.8913758982253421 0.8800956489090624 
0.87129641078674 0.374320762979116 
0.4003164148527003 0.4959816143100503 
0.4595072099193066 0.3477638679535464 
0.5148850032345647 0.696361582316204 
0.13262272385397322 0.5468360827008211 
0.15822063746422382 0.179703835421207 
0.841137901075635 0.7181952195989062 
0.37363868052862514 0.2623705031593153 
0.6871436604178774 0.8184929915127181 
0.8914554832410464 0.4463093133604027 
0.4034545136838653 0.7494826459856716 
0.44914708160148265 0.21648838079932525 
0.011159542547849233 0.08855938611781283 
0.9694489886479425 0.28768389147191986 
0.05627664064670457 0.5182294802126087 
0.13328395807844268 0.25536183235083054 
0.20203789812746492 0.9920436443716101 
0.9082676429410108 0.34265440667379166 
0.9841425119413217 0.019813937509392532 
0.6919755563651782 0.7664067749476107 
0.5221067458669866 0.3638688389939716 
0.3214912201875495 0.15987256248661924 
0.8282271963061296 0.7586965883366257 
0.34367243749883253 0.6451334606819026 
0.44508254624209836 0.8108694967986994 
0.609791689713441 0.45783556938732967 
0.05404451029923718 0.01798411758192614 
0.8688896061719918 0.09695749662169678 
0.37834174694220146 0.09024231545216632 
0.5679765877194441 0.5221874545420013 
0.14825374222185672 0.9536212049443318 
0.10039727140527593 0.5779265283496745 
0.9492376973277687 0.3924875647480405 
0.2758789419082798 0.9495330063060297 
0.09823296215790539 0.3247388072542526 
0.342864526140794 0.2548242219658079 
0.530975338563565 0.9880307192352297 
0.016749198254135234 0.476175104866576 
0.04463723544969456 0.752082836752545 
0.8985119719449736 0.2000087513302053 
0.7435927890664062 0.4555841576970075 
0.6201984180726156 0.3590093650494368 
0.5496144619645146 0.8959917043562138 
0.8408806323361607 0.8598459661350006 
0.3602835001083623 0.4306928729486982 
0.7372669523170831 0.9591044789402756 
0.29404177253240926 0.30724070506330636 
0.9530664982083628 0.49109666643283145 
0.08343701532620001 0.25080184811096906 
0.43870170733104513 0.13753465056075648 
0.558026933640302 0.23858727873533547 
0.011270092158028044 0.6117677933644002 
0.5608528357367256 0.9286959146980823 
0.7608200015642106 0.7173516922296059 
0.21339865008919984 0.23457268560508898 
0.5514973109058833 0.335850005002078 
0.4406183209255057 0.4713197116703585 
0.17094728903451845 0.07796153196363775 
0.5986186348160198 0.008457754553363728 
0.10314880126260528 0.960797386300896 
0.5283398449784958 0.02096598320481502 
0.6622461619806979 0.0635399210307585 
0.6836175875979311 0.5731496567072956 
0.31438534776670024 0.6207170350271568 
0.9222189562153303 0.9180389608342682 
0.30405463013608436 0.8366764601610626 
0.09057856989029028 0.620380987161255 
0.41554004064145933 0.3284418782107844 
0.503531308788966 0.19763616085608543 
0.8421830171013225 0.06114139700456711 
0.5605783450911841 0.6891709186091024 
0.6566973700502008 0.008058183395372454 
0.46092712307525846 0.17445602408331334 
0.822563893544527 0.4244852471649577 
0.5097865415721663 0.9560571706083223 
0.7099664169279531 0.2524448075356869 
0.24650094728506822 0.3271800363044465 
0.33711595233735947 0.016076460039168794 
0.6624887780704152 0.8864587701814634 
0.8907304663908384 0.6461027171255 
0.5823965957688431 0.15351809357282425 
0.5816963424260304 0.8206805429045612 
0.9350177585091247 0.708758024181195 
0.05627704096581981 0.23816541315113204 
0.994393935230308 0.9798407815917498 
0.5047853103074068 0.5630083599615715 
0.6212225720368918 0.5181807609399504 
0.11922032651728626 0.015514070191545437 
0.8059851205652621 0.3856941019575231 
0.9122335582295948 0.16935464636565767 
0.9921622708604494 0.8297165327013803 
0.011075040467192543 0.38182871228510473 
0.5285127178289238 0.6022777821181653 
0.22877092591780962 0.8437826669734052 
0.9932436688857389 0.057666513126833074 
0.02072733808668409 0.5153119679061889 
0.5162945844578295 0.4696319141880428 
0.4674287818535449 0.8228625650556715 
0.6369618560574357 0.8269467344797601 
0.6196524772841784 0.6220468036517199 
0.2319507402143846 0.5682745772647653 
0.015431840045024181 0.3092385461271365 
0.6808646609348212 0.4429394390824928 
0.31775329504312316 0.4539595665132504 
0.046644324312347385 0.17951038204465253 
0.886541721818124 0.7284845899215795 
0.6760554809239399 0.5503539871486675 
0.03836624939734001 0.9445157851415777 
0.5376094352599474 0.06739604456924836 
0.4319328900565437 0.5932767717555218 
0.05707468680837918 0.7999706227518257 
0.3423317140988445 0.582402057275674 
0.39021537528886785 0.6484180804991623 
0.21752416342222652 0.970612623627101 
0.11515313220455925 0.871439863006596 
0.395990278408664 0.042390475553756746 
0.14434569721353213 0.6861119665237321 
0.5315471454688543 0.8482341800515654 
0.3964745369315795 0.8357694404109879 
0.6417480738681622 0.9896484064084816 
0.201495700156769 0.380283714415494 
0.9525394976356958 0.20954770910501508 
0.6946028867986496 0.9484823190756393 
0.47957700134749753 0.6108009271004333 
0.8828394924554999 0.9673441770595217 
0.28492210091298353 0.14281639155293324 
0.8405858074587753 0.6749554428529738 
0.3013450300261021 0.5414383986801161 
0.2546596074419339 0.6608045580135187 
0.813769207509216 0.5330431092506919 
0.4461033610163795 0.3911643452655885 
0.0069595776831846146 0.8985152530872964 
0.11432808798377037 0.3886040737820781 
0.7986912049490804 0.8484622738464792 
0.9575700296103182 0.30589315093173297 
0.6279388307653289 0.29194135080267936 
0.9565729440708479 0.8357621953017463 
0.5601335802372853 0.5043535670979818 
0.36298519585589073 0.8684145040171356 
0.8986976756993903 0.7811262533141858 
0.23119217205606796 0.08813468267950675 
0.8896916509306354 0.06084033683337531 
0.09356751218176623 0.849231773928893 
0.00527728656451637 0.820614224748401 
0.14453990762604368 0.47310232320189677 
0.1209849306618544 0.7489073292204145 
0.6413317618274539 0.3364563060216622 
0.7455117005028556 0.07143763756157318 
0.6121627352882105 0.7354055768774258 
0.39877416135164423 0.6200416474655969 
0.6246206856461273 0.5797298575380732 
0.11618031643168358 0.0931110453793661 
0.47575459207703674 0.8822745228496636 
0.6937385562449617 0.3078717782349073 
0.08143173518584423 0.4621172562935001 
0.7412618182324708 0.2879928400616379 
0.12905290091394034 0.7646214750908432 
0.7457728692496564 0.16690830801205275 
0.2734995935322915 0.6410876030433845 
0.43029645211809897 0.6805076444798692 
0.8597895074779269 0.1468028658437457 
0.9460216750868073 0.014744699695193986 
0.06035765812877264 0.86815079794469 
0.1649677739781642 0.9118829930454421 
0.43241911399402877 0.9218209493162588 
0.6116605294822726 0.0717099247357984 
0.7154941132792578 0.4115587702598525 
0.25858752441891847 0.6036110703457678 
0.9685202893886471 0.9041041760072607 
0.5628502974918081 0.27199109831210533 
0.20185087696472515 0.27237997930459945 
0.34124778564141567 0.20966079817200695 
0.8869217250756077 0.608643709528122 
0.837796970116778 0.14026932717596485 
0.34143006296013423 0.9143391781628205 
0.35796109463953607 0.10679836514791119 
0.007428159942514445 0.43630353835508956 
0.1270803146813046 0.3207553436282506 
0.1821844795148571 0.4787542397869372 
0.21384742088280478 0.434325501739964 
0.2954524744897914 0.6909080080026009 
0.019392129668992175 0.7416835613255622 
0.4896658182739577 0.24771567371026376 
0.28401305565096424 0.03624210782399595 
0.8195154727354819 0.05281436309007809 
0.2745908901884266 0.7410807790522826 
0.17796014145072336 0.1398077300856208 
0.35825942117764986 0.9899249646651355 
0.721561268873266 0.6614338518593753 
0.8337637086137437 0.6531482429080699 
0.16224005091360943 0.42576495548198656 
0.4409172730831186 0.9919068047552171 
0.7860047723656227 0.11809898343323305 
0.6230723262440844 0.4296371572256245 
0.07981236758842741 0.7422878641231012 
0.6084612725291069 0.7759811842730769 
0.30015592648065764 0.8869623688334434 
0.17747792327122613 0.6114367088930576 
0.048290833345831785 0.09537164831248934 
0.10220354943913246 0.13038013193655645 
0.7188656068989268 0.7619130846299011 
0.0510705331324236 0.5389324145631529 
0.9126684476322016 0.849306276446326 
0.21781487671655958 0.13338693949227287 
0.8133945568896387 0.29496248878776077 
0.46406912436484665 0.07403132489353281 
0.10042149536900247 0.6744273448778013 
0.35613856101533004 0.7642542026383776 
0.738451142649544 0.014034926540871129 
0.5186701008613185 0.14483525885696474 
0.7808598436280612 0.9914305900196029 
0.642577074647837 0.9007417532386373 
0.32790402442106903 0.6642992501807671 
0.17005998811179285 0.5231221281668765 
0.7162773039609402 0.5180709369101437 
0.6690676534048163 0.16052963034121748 
0.9941125163457829 0.6663381483238823 
0.19393781779332198 0.04617605412320336 
0.01683624685762447 0.6761541284754287 
0.9253647034668628 0.5328740384529171 
0.013637197799980239 0.24317661337999935 
0.9326168706064023 0.6274861338976848 
0.7562854696546173 0.8184291585753359 
0.5653394393277904 0.6218126530427844 
0.7646202693913391 0.9299080759544534 
0.44791436802690965 0.011758303601876852 
0.6613220892797476 0.9762786074113623 
0.9537127869906095 0.41550275181171925 
0.5568353451165464 0.8197694007110812 
0.6157409337913056 0.9532879757306383 
0.6732000106345691 0.036731399882100835 
0.3817161296464682 0.9185531692726179 
0.03512357378119135 0.021911015912225107 
0.7369319500470212 0.8991009098645169 
0.993021530383231 0.22673204511896045 
0.31906075339670836 0.3753530235865091 
0.6989121024263151 0.6203750623833884 
0.9654811887832057 0.45638429026620086 
0.35510522542644835 0.143633879394584 
0.7115651416891362 0.7181979286579947 
0.5425725147549028 0.22038569845617767 
0.8969030311780644 0.2500509609380925 
0.7374068361984409 0.22695963031180222 
0.8790606555607958 0.8891640504405507 
0.0641885284778686 0.4422021436307711 
0.9926554997298627 0.5434346295277264 
0.5276576957496247 0.7774917292457866 
0.9155893555824339 0.5681005519612934 
0.5583670616601912 0.8620625412377212 
0.09624270537833612 0.9832916258905513 
0.4982691760410824 0.32142376486762536 
0.8055708264572133 0.47141275128076016 
0.9239657239625952 0.9869010598875517 
0.27019426134199787 0.8972892904133785 
0.995526486750529 0.7539238166012339 
0.14210128765801533 0.2859833217808193 
0.9822603722760941 0.7088101907967472 
0.16463509972039586 0.5975872766260144 
0.21490169624625582 0.6846853826926731 
0.46804356697116795 0.9610538800456943 
0.2705491423313833 0.5117127394405122 
0.7653302167069859 0.46084160335791524 
0.04861955338072432 0.31662602815718566 
0.7488284484765024 0.5610571934174499 
0.3909615689653697 0.1571751922526976 
0.20946939733177228 0.7346622209576013 
0.4205740137996795 0.10243636977442683 
0.22156784179114203 0.1865644701790095 
0.731990694112829 0.3360916692305949 
0.8348717884781338 0.5711057332943839 
0.806876448604807 0.07197901089146269 
0.6120544018556737 0.12128210329055061 
0.4217564780346875 0.06462641442799921 
0.8823793927666613 0.5519894001794126 
0.447143858958709 0.19367334181910334 
0.886186214050185 0.2879794829824332 
0.6450048645012495 0.413062255285309 
0.27954275899631525 0.26118540114990485 
0.6884724732385632 0.05151928308624226 
0.9740968702030118 0.08019395338192409 
0.18588178538159938 0.9044093613554957 
0.9756721342605547 0.9591056329003315 
0.11956507879965561 0.4404868469882422 
0.31056033598861665 0.9859415289235396 
0.9421660262307685 0.7692323542704391 
0.9755110051556887 0.14259628454516077 
0.44370730872633246 0.6505428482308985 
0.4137835594856941 0.2878360062097317 
0.24669234823665692 0.9482949373745854 
0.5659693923618637 0.986847193672589 
0.9926015085268107 0.6407939776411867 
0.4650832516611979 0.5515160304655149 
0.07327204724757858 0.6097121941487884 
0.5414604215757458 0.09469509520136965 
0.19045859806119425 0.22934040716318554 
0.5571836461532957 0.6660616413090209 
0.2608506152076592 0.015576130604050442 
0.9320746501708155 0.3147498379171887 
0.8314722434471817 0.4072753267711183 
0.36743544434139963 0.6727772227293711 
0.07849438055123925 0.9646397508407845 
0.24009835217883446 0.7690116062444232 
0.6803774340636999 0.8640237930210737 
0.1498409567079546 0.35857741105364144 
0.29104068345310774 0.46498601320005223 
0.6123305340751122 0.8250618870353286 
0.37322244971783414 0.005150894939212225 
0.6283724700754925 0.20899001690234542 
0.3622503206416961 0.3382384578323325 
0.012218196507996992 0.9846743705454296 
0.07181312731427497 0.1757804459834904 
0.1317938386803933 0.9946298442556538 
0.10541190823647567 0.5249998293073005 
0.40518443946379534 0.7107734871524884 
0.5447416234040426 0.43549165865004263 
0.46207380925922786 0.5068838152224936 
0.5938128239328782 0.0488393156304156 
0.936840184869465 0.2781597740431727 
0.20705303850719214 0.29641093771261556 
0.34415679812972677 0.9536661151467372 
0.607804618967974 0.9236477314696049 
0.32994196364303113 0.48515958267814685 
0.776386299100031 0.059616840628460455 
0.5601753857890148 0.5762612895550676 
0.6635281956308452 0.8274261846104106 
0.06641333276232603 0.547965896592236 
0.5277876840323554 0.28992880826443085 
0.33593736515427997 0.7442221800805409 
0.011527428785045424 0.11728098575217516 
0.40355374044263004 0.9014191930073076 
0.7780417488953177 0.8277632375987293 
0.4759255694493175 0.7456506527328725 
0.32789157593386586 0.4040586979369526 
0.7877153724083833 0.6862798891842257 
0.9640205973246829 0.9335754806316172 
0.6587837180026486 0.1812244886698649 
0.7051691481860699 0.5353549947449737 
0.25170934629658487 0.4622673354039038 
0.6478570454235458 0.5047958283802183 
0.6986762994927453 0.137962042524642 
0.13105748749725166 0.16342121092287254 
0.1823426566937731 0.4126439189601556 
0.9789176004797551 0.40077338232990495 
0.5658117336665524 0.3511063964688087 
0.22743992455415235 0.7863704665518978 
0.05295443949059475 0.6222600605896516 
0.31891508184563466 0.08726523114485202 
0.9064788608556151 0.10393993704705246 
0.9923079480373586 0.09118308873981329 
0.41546179046932497 0.8171584283003606 
0.9466166778310257 0.11636007445905572 
0.9161630610786233 0.3853120138245435 
0.2665949264983831 0.08776538719896199 
0.35330109050867387 0.517847204405737 
0.6056040157701971 0.15289882964835388 
0.08435419925029897 0.6659613290579228 
0.9487938493501413 0.738053104147857 
0.3951100582377813 0.726189633239585 
0.13477086385586973 0.9342828925990461 
0.6194235479087067 0.8508530290472195 
0.3499147877985458 0.7985506747097242 
0.4201538280944398 0.24352181244569165 
0.03527112417456085 0.8144304675075582 
0.4685534013426012 0.8554999623157815 
0.11458893556547944 0.7903087942694786 
0.2066607587254014 0.5769553863064809 
0.3187040638525783 0.9182056230980775 
0.8613898667226174 0.9471386644607622 
0.6217272207941484 0.6458685268243098 
0.6590481538097774 0.12300524994361306 
0.6522135865698805 0.9590630115124053 
0.564690433267333 0.41086121523980135 
0.19089376277990344 0.7986309224944619 
0.7596061279449452 0.7782547838012484 
0.7599705382262325 0.31117886748571527 
0.18683614490725536 0.6934415409475039 
0.4319562027819236 0.8581805389304396 
0.6626202467242548 0.3916980521224291 
0.5267318442679959 0.9117622247113553 
0.5428540702981971 0.7058168490599945 
0.10497399171265726 0.9309589934060025 
0.5976705117390239 0.7223398417069031 
0.9702913017802839 0.49066591107140417 
0.4615284447681336 0.27216919744686463 
0.8229179265549722 0.19500811996466294 
0.7995808400194848 0.6298551645030458 
0.5951964145696874 0.3682955941308763 
0.11129213875670085 0.5004356092156469 
0.9304054854677432 0.8396111728940936 
0.13971883472092755 0.8562296914433161 
0.46756062712707586 0.2953655739500253 
0.14082202919291442 0.8136119146162639 
0.15530636517680174 0.09027832663560281 
0.5522516546559638 0.010405474556464733 
0.809117362624424 0.8234340905468931 
0.534265652760548 0.48548049908337243 
0.7798345733126977 0.6251654366677194 
0.47852433207005857 0.36304800964156847 
0.3522669370600667 0.18848444060035474 
0.051852202517096435 0.8934408215629677 
0.7799928245424932 0.5702113517698333 
0.17700302296852788 0.30361028651360916 
0.5161077200459201 0.6252485176890439 
0.8272034655947011 0.7020903933934751 
0.9920616636513497 0.9088834971714876 
0.7360045846499668 0.57199427914405 
0.6523742909817821 0.7273867105929686 
0.7926956876972342 0.7736691733522916 
0.5119341795183724 0.038549835525989895 
0.2399346091220123 0.4944553140844571 
0.4866329291301246 0.8092761822531509 
0.7587676262779244 0.5188510210073298 
0.19623728105113158 0.8180505907011282 
0.37098754695534936 0.561558688178132 
0.5069827831848367 0.4024402784827408 
0.8622835629056717 0.5026549230878744 
0.6990565998523344 0.8784451617223318 
0.43445915551246145 0.174100974926358 
0.40267932833908915 0.6843301349460353 
0.6860608905755348 0.7148602514931752 
0.09310417704498608 0.00807729672660007 
0.3047957290609611 0.4183287706128024 
0.22860256627167208 0.6064647146360229 
0.6951131985579867 0.5935186315677758 
0.7726524896218132 0.18995555221033117 
0.7302406630809135 0.39143678834769186 
0.6855554106667053 0.1831012383825507 
0.623957302932852 0.03040402583701307 
0.5062849428678932 0.6672055541129923 
0.8617698636633886 0.006460003346793974 
0.907733649270585 0.6958756992300261 
0.742877593066072 0.6010789922896548 
0.6376692480362831 0.07513885579957069 
0.14708014136666342 0.9757244511559142 
0.948189216277573 0.5825414632731424 
0.3198700879719252 0.26091640816432393 
0.058517676107812944 0.05301794645448299 
0.37503867120020873 0.8359625565696891 
0.08597664362816904 0.3821489715893726 
0.579647516980158 0.1800292410909894 
0.650795021996341 0.32149551038565016 
0.9052453483545468 0.6065663871440041 
0.4850615087057844 0.18712796474438498 
0.0911989800085865 0.8110813808629868 
0.8604432715620394 0.9124497707448757 
0.06533541319212882 0.7706722140792244 
0.004989174692607901 0.40690523729456185 
0.8305632938106593 0.3082611466941966 
0.2867391933456051 0.7613236620115665 
0.209145312152621 0.07771050513852235 
0.26263015405347195 0.2410194436792838 
0.41271900648788284 0.3959525203218786 
0.4590556209777226 0.4172594321024266 
0.7622338180923947 0.1548942536433897 
0.11349978119508647 0.19162273046874473 
0.5466981591516219 0.7972050092752926 
0.727723126704485 0.14423259000110422 
0.4616108398496317 0.6622184413121882 
0.47510035928385147 0.1128206374949125 
0.11196739041180803 0.2600072677833955 
0.7024000859610966 0.4404690020107518 
0.3124677937557031 0.8100078764033587 
0.6737048800692763 0.36930547279247494 
0.09400407570380204 0.7207831094390695 
0.23979172585881275 0.4400823720466184 
0.5934578095601695 0.4398726965403702 
0.8709371201506296 0.9923416507013187 
0.9744301528904222 0.8211829490315605 
0.8067477817876421 0.9345241330365861 
0.8324606289977288 0.24235497732263722 
0.32335375081541645 0.8718563251710033 
0.23953929559343728 0.6833790135815448 
0.12916883126451256 0.5151886113535181 
0.44764102163789893 0.5599783165129109 
0.4495206896330003 0.709893026372156 
0.27755294797027485 0.29549663779935575 
0.10427758784191421 0.47456760966639877 
0.006609729866886627 0.9341250199492763 
0.4607180663171593 0.597655443560064 
0.8551365926829635 0.39174262260142656 
0.34284444625797533 0.0848319293045327 
0.9359646192337752 0.4675314614178333 
0.8146312830008182 0.02199713462196279 
0.759467221377503 0.40619382725586217 
0.43103535628453266 0.4592015466111907 
0.9330540413110595 0.8716947406072183 
0.7371411062242029 0.7329705646214766 
0.04155163488792463 0.9140818338473797 
0.006504956848171761 0.8692413014764893 
0.29642604164655195 0.3292555988435375 
0.5165489284342419 0.742491547318606 
0.16406249079205565 0.5716381690257166 
0.3376154687166587 0.31649460543529473 
0.25008219580745 0.8196790603188167 
0.11082437262327227 0.5933450100773978 
0.6389874150105685 0.7699547911041213 
0.5256149478582729 0.1997707777400506 
0.0364928346512986 0.19838211919014992 
0.22247246108606689 0.40134968959313055 
0.5530922133563937 0.9429160019134217 
0.3752956202510068 0.5196041080037279 
0.328082975895128 0.9428174837085506 
0.7250135814678187 0.10524394435286927 
0.8595567871088289 0.8685832614192899 
0.27904271940493985 0.7166495375567147 
0.5292184372693872 0.5447543742602364 
0.4472222761208194 0.43606709401883564 
0.7287770329697809 0.8613868334786621 
0.4082130935656817 0.5921407591913436 
0.5434579082685209 0.14037533268343794 
0.502735702786043 0.16681520896393576 
0.510002700579383 0.0823143691873694 
0.22296907333557986 0.31482500926642265 
0.913025703847558 0.4963669753910307 
0.16433872170316288 0.237213294465778 
0.8046091401765905 0.4057938395139278 
0.9694030064731268 0.6148934256638652 
0.8045332948526989 0.11014471696954442 
0.9420671550985498 0.6944568328086786 
0.49687883962185425 0.5845966022700728 
0.9211698890407571 0.4033591928614919 
0.1919511653715016 0.6759463585763245 
0.011338659809891294 0.3333761395723652 
0.33443710372696056 0.1397562947913974 
0.6577128681609052 0.6759973662629692 
0.09705186934985843 0.14891680741089025 
0.35594665717167895 0.6997746966051653 
0.8946592699032367 0.6798671122441661 
0.6363737612142044 0.45515490240406986 
0.4098113650303868 0.3686241691205512 
0.7472932755557216 0.34920421284562564 
0.04296914977546229 0.3941796597209525 
0.7800386081959347 0.42419288784099884 
0.5886397689821894 0.3266365431668261 
0.17561391412386518 0.3726586790785068 
0.322848484985813 0.5810506533342504 
0.5892025030921195 0.6181711008183856 
0.587562831651032 0.5515763805769721 
0.2657337800331048 0.5475505223964922 
0.5610252860644205 0.7714157333822816 
0.08018798430079027 0.10423561253576147 
0.41577656857435136 0.5363032843371356 
0.8573955663328925 0.11994608200786566 
0.46436051955165214 0.802391284436768 
0.3914167984219611 0.7743113900381031 
0.09706396565377723 0.23283063552423722 
0.8317625011252338 0.7835010964933649 
0.9817937792348694 0.24336710956445673 
0.715912819603044 0.6397720931529356 
0.5162062458110793 0.25313483992780705 
0.5731921853105635 0.7316851338199115 
0.03953013026328012 0.12481988130142019 
0.7652275051688087 0.03131514789126982 
0.4848131866412664 0.08551784227146864 
0.2855918658953314 0.8516565209348934 
0.3572042116371365 0.2714628925567358 
0.01244582594680782 0.6550953349511579 
0.7224308531815576 0.4618526158005023 
0.8655906945112246 0.8204241277098759 
0.6694790261411715 0.5906903814050843 
0.7202361317178474 0.972703806396371 
0.5184118886563037 0.1743643618741612 
0.27531382647922986 0.3750929246948199 
0.22255475569666322 0.03367667877513969 
0.27119473725666254 0.17095157080307222 
0.8567244520719777 0.23528069453051953 
0.41202108000713733 0.126554743900949 
0.3766364084519271 0.4188229136091598 
0.4540593594346186 0.12120758866477127 
0.5642089019923772 0.30914712391838006 
0.009719427432190286 0.49749485721918735 
0.9243429710577447 0.25396842262175173 
0.30833084765352725 0.03479773025728622 
0.5485612871184848 0.36527132861324174 
0.08040409417410349 0.31056766073404873 
0.05663419788222662 0.4874322467829581 
0.7463831541792518 0.9858067950395784 
0.8704801362481405 0.35796251845593263 
0.583878652015589 0.24179229826235937 
0.666993271312114 0.46346274111658703 
0.92066911464303 0.18862870603742404 
0.559641829329069 0.11482312332638311 
0.6922542501599276 0.24088396312919186 
0.8789654272271858 0.7517278881807788 
0.8909650610935058 0.5062882583356929 
0.8248663274401613 0.5987837538684405 
0.017909821665223424 0.02760520502619601 
0.483306026956016 0.9026101460128685 
0.17717263839544345 0.04029977995176054 
0.7876072447499283 0.013707026471419692 
0.5618205067221772 0.09074452526214632 
0.6948292121277628 0.2757512074137993 
0.010104172365720143 0.5872959528809248 
0.29409731433462544 0.19966183217204786 
0.34978344308190046 0.4700615590716197 
0.8306472799150235 0.3330935743566432 
0.5311551528278152 0.04837067701776204 
0.724322894289094 0.4921842566799711 
0.588151800151843 0.6728599831683159 
0.8188995091889522 0.8510043870016459 
0.44898744806174756 0.7370450033156751 
0.49822119105903256 0.9226408016979477 
0.3151228883638838 0.5089053022370402 
0.826366550691146 0.16027379381911644 
0.49802782359228615 0.3796848928259062 
0.7532711925275789 0.20375376224287345 
0.8691541345020898 0.6717858829871292 
0.21405352978142372 0.510250397722007 
0.8700839637273383 0.43522417199999625 
0.05298120985008964 0.5842229357490343 
0.46934778473752714 0.6358298712326163 
0.23935807581724916 0.7117357210738566 
0.10155010779354795 0.42229944493318566 
0.39135137874241754 0.45064811103893226 
0.6750183628760273 0.8420882073622565 
0.7235027015624222 0.26887208326279255 
0.957824461059872 0.05796067582834141 
0.8902118964957078 0.0842252380712672 
0.31687862593923966 0.7535426616080647 
0.4238727523884584 0.5112033306666421 
0.6117023258293984 0.707817020766118 
0.46697270380234823 0.4793830105854423 
0.22829364633299548 0.648208186242766 
0.6395638766732216 0.873926852861391 
0.83383875084014 0.6241947466928943 
0.010885697729547172 0.5536326895384871 
0.02776000431822867 0.5565429245180284 
0.8372442332976091 0.8753072057004383 
0.8456369984088867 0.5312491678889528 
0.4926092512991449 0.2109425180591198 
0.7826912018485105 0.2526692734566455 
0.7673147378502713 0.3638225284866444 
0.9019474861670458 0.4296102561312289 
0.2332577622495438 0.3476671199920985 
0.919468892748879 0.12069555822649153 
0.39316908749570756 0.18406186507101707 
0.11538042432870993 0.3420538856204543 
0.08842194212535048 0.49773960527886874 
0.15400011249572682 0.6696998113789802 
0.26931192897522443 0.8609724048900385 
0.626817106505798 0.22931108530198874 
0.6968156330730945 0.7324395179068418 
0.5945730983096524 0.9832120087645169 
0.25703520955883963 0.9160940660984753 
0.8697927583559135 0.2159905524994165 
0.09414800628935499 0.8896133344484962 
0.19874685563046385 0.13309876008544008 
0.2578197144393234 0.9699485718538268 
0.48174639953655707 0.41394359363667255 
0.06477436086999772 0.2980378611872972 
0.012398617611133256 0.28747992729953986 
0.3832441913999711 0.2145361174453223 
0.46831162811158 0.32467843984870304 
0.7029520332184329 0.33889105744847814 
0.15727827077167794 0.022450760871637776 
0.5329196276434568 0.8754136999938813 
0.6532854841196434 0.7821606357462394 
0.05577787390136718 0.8233327390702686 
0.610627516105078 0.285282813458276 
0.5363785538691886 0.45733443234525684 
0.3992356877487585 0.313915049598009 
0.2539466325145763 0.10514419592832397 
0.44673459425808126 0.49141663196784147 
0.9317845820637705 0.7931442485496636 
0.6697197013347364 0.3142853027803825 
0.7067051313637591 0.8354360705590325 
0.4182639879765278 0.6299079348408141 
0.7154058645473951 0.0073712341898903855 
0.266880784975683 0.3307041348499292 
0.46300243223842974 0.679092826004921 
0.6491022870601773 0.1488283100763131 
0.5244376053517097 0.39036813296143585 
0.8117265495900454 0.9612295698062819 
0.9830175736814024 0.3512231556826777 
0.6205214876751222 0.5437726999062067 
0.7190660021680564 0.08018021268858927 
0.7150153041367645 0.9498995962725678 
0.262790645836239 0.78353576588133 
0.3558548825836213 0.8887369984182785 
0.14849494902941007 0.7626510773174195 
0.7701607499217895 0.4806795792600629 
0.8966319301347361 0.1836529206225072 
0.9446130350104146 0.039103480611812236 
0.3045279757346877 0.34680869731944264 
0.6626836599547066 0.1000614425767134 
0.7392452187859895 0.04136851026290267 
0.3293997516259275 0.640868509485248 
0.14330293757147994 0.31814831327997284 
0.7249623723380346 0.8201693844757176 
0.08306842264365438 0.9339583401985134 
0.183324241613532 0.9288782868432464 
0.07696503515465891 0.26513603141842434 
0.14094200399412776 0.7376867232955584 
0.5743079496554554 0.05324875096280557 
0.2839589565383422 0.8063689779716359 
0.44005980246951876 0.28054112927592156 
0.9061130930702284 0.6606768035466497 
0.8100370188176917 0.7580801651360973 
0.6087272092096796 0.18779656996493677 
0.17250221980052605 0.7950136391091531 
0.6205404599028931 0.08865235195165516 
0.7477142814324416 0.4768769459549282 
0.29715110000276124 0.9724850572696317 
0.9938077185984088 0.5209601498907488 
0.22264853036162285 0.37802598831049433 
0.24979956700242212 0.0773431764753097 
0.05056467243464513 0.36469035880238615 
0.9267984014244196 0.5554909904627752 
0.6042518961160755 0.7941379559390638 
0.19795092986668228 0.4508105250790219 
0.39961596000196403 0.41970002018931746 
0.9963574901363381 0.14641344788815558 
0.025852458068656714 0.38160199789066673 
0.9495870619144982 0.6567676989531867 
0.8400885091105406 0.9363082284543329 
0.99496665862183 0.2828710743785766 
0.7657973633805761 0.10304948386221313 
0.2274572727282682 0.9474137257101238 
0.8009140719725959 0.9006948580261143 
0.6669174248203223 0.9459606127006106 
0.9089498017023194 0.9343351537118254 
0.1600964551896515 0.721480293760995 
0.9004549058622537 0.15249860467972104 
0.8672651729450019 0.031304758833763435 
0.8417278641392667 0.0795138830196982 
0.8233467081844845 0.4701699340549373 
0.5672951294831157 0.8861303099170833 
0.4001957483092772 0.9613947642997083 
0.902758527645594 0.031984373058404514 
0.8880435055178975 0.8315977868245473 
0.34780072237075355 0.358565667349209 
0.5883546324522355 0.5297181044665732 
0.13536792628153604 0.6031229871075091 
0.23132735441694346 0.7480033690683562 
0.6006330774700702 0.0961596391925319 
0.4991072887097612 0.5451068715493423 
0.08425905435819425 0.5633726643138253 
0.22184546198648958 0.904677892823825 
0.7416501420226925 0.7911294294529617 
0.7804623324229973 0.530038237972395 
0.7937665455932049 0.22469010063133676 
0.18243117945385884 0.5505233607188154 
0.8348452034716507 0.8128372431864452 
0.5028155173701427 0.4607114343659098 
0.13321021543343514 0.20999837076572198 
0.1688110146200279 0.6491127785120487 
0.9541558108499939 0.9894326699120342 
0.9096405145262985 0.2987443692637123 
0.5930281722746863 0.9130368535326843 
0.2744255637822409 0.22235970023339025 
0.6161988794047992 0.38834558244251344 
0.1071376275241025 0.031553518740566555 
0.7913415143905227 0.13613167091120798 
0.2801663903952769 0.4264129275447966 
0.8683314667210311 0.622733433474967 
0.478877112271572 0.770697612293351 
0.8247693897784221 0.22077883379985874 
0.8405449089685209 0.04056104671341865 
0.017719329562455977 0.1843712240162262 
0.5949572274513726 0.9490668147725317 
0.9487377649180289 0.5357358170378588 
0.561033124564839 0.18668880207187155 
0.5506524766319514 0.9670571142024823 
0.7623029520471021 0.28642785373506624 
0.07647775440324334 0.42012365860790424 
0.3530746933185235 0.9661656999853746 
0.8182241234716556 0.5022553256395447 
0.3185908109061396 0.5484420169043794 
0.6984649661141352 0.4902526401471826 
0.4354523248839334 0.7751839261513623 
0.1360815222441193 0.7859314215512633 
0.5653553586365981 0.48092423463521783 
0.8268587786299026 0.9778123108404135 
0.765712604225556 0.6884937447279078 
0.6799554648526662 0.2908609320031785 
0.7048466223824044 0.6961564698882952 
0.16922337189489317 0.4854337108795864 
0.3011597611531442 0.6069158236778721 
0.13101993157938585 0.36517873854935445 
0.07934828907038943 0.9951167607822344 
0.13500777741321046 0.8817031039299054 
0.9326564091761895 0.9003924349223336 
0.10734570658891651 0.7419985314791706 
0.289558938244653 0.08877224711872084 
0.7228195813553338 0.598539703402259 
0.7306247121753066 0.1794587359754895 
0.5316323445102922 0.95583582277205 
0.4864886940845237 0.5084025390943778 
0.025307021762363213 0.05245306403566885 
0.12796405511222947 0.8362247138492054 
0.31321387044749593 0.20383173197367038 
0.5026590232488118 0.22971883721308894 
0.06270251688934186 0.46521810921953644 
0.4149120063498958 0.8534816884277907 
0.14436670592460843 0.44031582505662437 
0.15863080201837587 0.9903056430563821 
0.3106862746329826 0.303601670107867 
0.8518308394401946 0.19466914029389826 
0.15438867765691444 0.5076759904155007 
0.11953159537609609 0.23412285815416106 
0.3315117437511668 0.8331121109007941 
0.34676840846210505 0.12140879790350118 
0.34449931394904393 0.2311368861062041 
0.6641818090188114 0.5283098997272901 
0.8938509278117581 0.7028618364474543 
0.7167767975658108 0.3536274195431818 
0.9214648823151665 0.3598425878278825 
0.38650311895043377 0.4907110304638247 
0.8993708806044229 0.9716972144623193 
0.48606687635789314 0.05203472562837441 
0.006633277633702472 0.7613834035571424 
0.1818116252820739 0.3928286934387973 
0.9580878716436028 0.7538937867035755 
0.3767279829704339 0.787702463103497 
0.737792420665349 0.6684743063431686 
0.570235026723148 0.6422860124517185 
0.994419751356733 0.580152019184343 
0.6351334633337457 0.2716955071241114 
0.8908479079757261 0.35426779457119745 
0.7684993031027378 0.9031883362325737 
0.8172908103165247 0.6802206423232032 
0.32803370317448277 0.7227366531938838 
0.3088586499039967 0.9503608075981635 
0.09168941918006052 0.08927268045488485 
0.03350884799922227 0.5976351510733541 
0.15461416983801807 0.13619963865360718 
0.621130618369927 0.4736152236945132 
0.49094290107616195 0.8279422228706749 
0.503317115907777 0.870454389508853 
0.2477303433349075 0.301722061370603 
0.8759518500269723 0.31140521031226953 
0.3487326700627329 0.29249210830950234 
0.06308069271742295 0.5651084872678652 
0.24647576627678813 0.38208184634793785 
0.9271874856660278 0.005241536234014299 
0.697510103052216 0.5544806737852191 
0.0655212471609875 0.67444226134331 
0.7005056974637083 0.1979816186540328 
0.058795459576750975 0.9299214105343272 
0.3309111581084058 0.036185617989192786 
0.9777501955858663 0.212818085113821 
0.047418661218841196 0.6488741016651927 
0.29188960039928313 0.24671899422974214 
0.4921992247269054 0.029278928157209283 
0.9663792654552587 0.7273625781753424 
0.028947666365290448 0.09867403804028618 
0.16712779947877465 0.21082207032229705 
0.3721372025774229 0.06435620490021154 
0.7618894569713299 0.43381466441027305 
0.09337812034531806 0.604359265937224 
0.5091217174273877 0.7886726925601597 
0.961113641910115 0.7776938987166799 
0.22508094897589492 0.2703105960532709 
0.8612437027142473 0.7391829570210543 
0.4050592942390213 0.07996582143322839 
0.6257795102555292 0.888518189585628 
0.5666500663123513 0.25261761753813433 
0.05754126842349366 0.9601754094730732 
0.4236644411726994 0.20924177617351397 
0.4339417161738707 0.968472321907252 
0.00838060461077128 0.7250795400370986 
0.23165948887684562 0.8720822834727111 
0.90728794696123 0.7354738145730414 
0.07272655674985512 0.14721767579588263 
0.9903365485768816 0.4402058435716012 
0.22066465717336126 0.2121955347561802 
0.6767420890497007 0.015540461033059338 
0.8007533421938866 0.7027326803423342 
0.991235945674974 0.33366898625632135 
0.7111182725319811 0.2168608460761124 
0.6845717206318119 0.8898299683537372 
0.23332550028738552 0.246003191619884 
0.7238305142993321 0.43383344473190666 
0.7968105289902603 0.32210122312318423 
0.17517829728280893 0.7491033537207262 
0.272209464964521 0.6105217067920825 
0.031724049053928005 0.4520943331309109 
0.857320485500949 0.4735392608068455 
0.6384392568645131 0.013684715278628357 
0.9286500110036948 0.7254167208228368 
0.9911367832973613 0.8047000508885097 
0.2806801819813305 0.5602035485804522 
0.34670725566169186 0.673205002871059 
0.24953845389516732 0.1570194919944939 
0.8311932615502284 0.9219416190830443 
0.440186591670922 0.35270533967979867 
0.8852463073738704 0.3341588919474838 
0.8323064246733778 0.26984251369515305 
0.6347633934666552 0.2557708794505059 
0.5549275337515854 0.7237615200723976 
0.33968382444102524 0.6222357655783998 
0.6912855616303791 0.7961517795781292 
0.9038806129985848 0.9030256642738093 
0.23006906407765543 0.5267092907142249 
0.6184335443589105 0.3079744701185506 
0.6016298717297426 0.5057709946483452 
0.3599450080846154 0.4925033675356632 
0.46471905449781103 0.011602100123883186 
0.8819750263081003 0.41636067893461226 
0.20519281248105542 0.6118764960043935 
0.5923390199344363 0.699169694959826 
0.45380814275820336 0.2390872473870886 
0.7952343050152417 0.8718125723701875 
0.006578999180860967 0.3625702357233396 
0.05652997059924819 0.6917241761911952 
0.5366122417779667 0.8198226576587442 
0.40607945832284487 0.7948474621788928 
0.036685515288566894 0.9698249366374507 
0.2767096947969441 0.48651057337608805 
0.9398227753512586 0.9268185399129203 
0.30480434009246204 0.1448077639361382 
0.38300639463695574 0.7367782338804536 
0.8470169251306202 0.17162564369678396 
0.773024393768399 0.739829927079964 
0.027271830493085403 0.9308829441861434 
0.28425173681143284 0.6666958059594604 
0.3854551424830976 0.3386225106914273 
0.21702398358232922 0.15897785477028042 
0.8058644534048316 0.27476809056244855 
0.5284749014114717 0.7237624351763795 
0.6527116521523417 0.6413956401576105 
0.029048902398834897 0.16416741858998185 
0.08564847496985928 0.3599502498442701 
0.6318132226706752 0.6651650634092826 
0.4668624050892093 0.054436195394405584 
0.2193358084519873 0.4732391576668329 
0.9358870068357406 0.1597991100274953 
0.9555431055776507 0.4689445775690324 
0.5293110058791249 0.004828945193254386 
0.6016823982738297 0.8412037400856833 
0.1231688086440314 0.11883563699368777 
0.06177299982327272 0.3298362001953949 
0.46113630991528237 0.3884630637400225 
0.821877853705067 0.5571343494872653 
0.009641341341255438 0.22310847630296965 
0.9426788744296075 0.10005194655901867 
0.4689973813920047 0.931683496726195 
0.910989813117673 0.45276332250230217 
0.5055679666609627 0.6040381839141615 
0.3901700738385884 0.6059916598922508 
0.7447600109199194 0.8813987163983737 
0.8728739909509339 0.7791583867599408 
0.13998907237676184 0.6484891441902166 
0.19473960030002935 0.8864195070254638 
0.566513589114584 0.21292891808975473 
0.1793377438954762 0.0942261967819642 
0.545086204323498 0.38636119717332773 
0.4213787276982691 0.03225572311499392 
0.5484574831307304 0.5994067372939237 
0.5194265995738658 0.6458389988050596 
0.1278640635218315 0.9490384717161473 
0.744721647396573 0.642223880857685 
0.7940045133812286 0.36376532785377147 
0.8911238235510439 0.799732127998326 
0.7979913272646701 0.7964489678409001 
0.4874083344129863 0.9881770426637437 
0.409410706592792 0.3427652267434791 
0.33156423589555084 0.19118499560147156 
0.5793595031207175 0.49534812446705556 
0.8937969957408314 0.21488214128263672 
0.7365349917911455 0.3076318554381384 
0.36770174444322273 0.15452303291691144 
0.38155083165529624 0.8199110438948944 
0.19842157591726628 0.9521973298687061 
0.08848506232213965 0.7632948368975212 
0.7097526092476758 0.3831138087780369 
0.4079349133608093 0.5120952693516708 
0.9871402949222847 0.8576687774191464 
0.35412730734757036 0.5592637428431111 
0.5796645739732458 0.02974443577356023 
0.7755805450067387 0.5918778107733779 
0.6990958516998143 0.981788157959073 
0.4876839075474688 0.9480233990080862 
0.23451131382605533 0.22437075072366114 
0.6430035720826001 0.10691478163538459 
0.37593926085041207 0.6267714961515949 
0.9233995473307575 0.8204428479547605 
0.14543894487839865 0.5680277521441943 
0.9683464175063032 0.3760477758813384 
0.7712403812159753 0.12958420018961214 
0.26144545101168826 0.7019497911559442 
0.23125855578528487 0.11475137381588946 
0.3812555726807209 0.9420076515278523 
0.4342073236775874 0.23120122568345752 
0.9580231353070665 0.8191043346897258 
0.10561298176254441 0.827963404492772 
0.2667639986318827 0.27819589265168354 
0.2434431810782432 0.8555161056662807 
0.7966832192612234 0.5818764968936426 
0.9912166892636427 0.5005335301266043 
0.8693955414853851 0.4004212087143044 
0.8196911915309545 0.7313255647704717 
0.1847724314371046 0.8410293791077983 
0.23213275554296736 0.8251659407733495 
0.07137156632768904 0.8808115059096422 
0.07373508438378756 0.8436352634485511 
0.24454708698206273 0.5830634427549828 
0.7805889632556315 0.33251811012526183 
0.5383226092453259 0.27969233055463427 
0.022716761467137025 0.8280754720449954 
0.3861046285013209 0.5752203191667336 
0.22964425152583817 0.9934231563598358 
0.17290154900388993 0.343853134571759 
0.6448924941716518 0.3643746613954633 
0.9025308435211559 0.13217131121153403 
0.38276650026093895 0.24019450894579447 
0.13337284611344397 0.09933194215856378 
0.6832210423582366 0.5335043366234847 
0.18570927941263077 0.7830128840933903 
0.08990360151973126 0.9070178132480173 
0.5228103280283922 0.5782901047273231 
0.3784362989651773 0.8780657023871347 
0.1705299935070722 0.8924396798075189 
0.5805891182035036 0.9304383964076239 
0.546253025733078 0.031158691360826996 
0.33960817970007906 0.6057508135381531 
0.28178255904187605 0.8262652450788893 
0.17881432580250678 0.9846758486270908 
0.23903260252773456 0.9055996431944087 
0.7570120412916638 0.9479779554552616 
0.12000703873150131 0.7183674657376967 
0.9637424373811662 0.5954119940402848 
0.7120485235259364 0.9298646095697978 
0.6556971319228536 0.750168095121203 
0.9726124264033509 0.18864340618751013 
0.639496639015297 0.5404598812750032 
0.44848095665693144 0.5839592063451944 
0.1051557494202201 0.5501711541104962 
0.3644759886978859 0.45408443339772003 
0.4302772472588384 0.3013707279176283 
0.006957180554840792 0.010788496801964698 
0.8834899065373853 0.11327055951247655 
0.8480494097693237 0.7708828860783031 
0.5162132145408834 0.9331439835544473 
0.41373124696875996 0.7236091509219257 
0.4519617552469087 0.5299175094114239 
0.4327953596065123 0.540000449298232 
0.13834540987634053 0.18028197000264357 
0.05507235972411889 0.11972550244303837 
0.04394991704255058 0.5526576631869898 
0.9371797336743364 0.3717236669220698 
0.2921188160661325 0.053710686639437843 
0.7590460325806503 0.22357405948872244 
0.7183557650381107 0.5599030955529336 
0.2542148415733503 0.509812175325055 
0.570454090327454 0.798333648148196 
0.3370956525987177 0.4516229099177861 
0.040077298828035346 0.9879790774218425 
0.13624428894612073 0.3910000625067345 
0.051899319892029616 0.22098674426565806 
0.028092484949917895 0.07698839972430027 
0.33718661011834244 0.42245605669801634 
0.3652483098127104 0.60210235676985 
0.19403180682242727 0.4245817484841452 
0.8724506877669653 0.7227541950511522 
0.9601757602485335 0.23113395068567594 
0.35132979527451147 0.011824322291396017 
0.5907151692884091 0.7361483332505908 
0.7774851324061622 0.7058943112011099 
0.7721377400857949 0.5565219011321022 
0.2674600776000597 0.20768558578689322 
0.23001491982536 0.7252032792451631 
0.12115580967534872 0.14550367168470618 
0.6515038984865709 0.5674246726516439 
0.8657499758382483 0.5204579443138951 
0.5620919873020467 0.15948546413630116 
0.8809772986241785 0.2359285417435253 
0.644378263496628 0.6249910521020046 
0.09403480766503253 0.20071845236508473 
0.017856000410252704 0.7991900743897218 
0.9956479065223637 0.3960869973410753 
0.17357790307015236 0.2597904355696721 
0.07487667965058731 0.02661268680201856 
0.504032179444645 0.3591948067360719 
0.49332857495754506 0.1242152479501174 
0.2055139052342853 0.19781898054314206 
0.557549478433051 0.9121037813357165 
0.6901061989612451 0.4654996533420143 
0.8411554996289792 0.47811417312635734 
0.8710958628296691 0.4589373423856177 
0.35968952110553126 0.38274828817546824 
0.9893386513881253 0.7754382844772731 
0.9534855041380371 0.14153719233113782 
0.24483119500802109 0.03308983835499685 
0.335902153131935 0.8551536829107995 
0.4209578837769252 0.48968683586325357 
0.5250770690948483 0.2351885666183698 
0.982813030247612 0.5557617997621741 
0.1677333279793206 0.005213518396435302 
0.734393356007964 0.5143614332038962 
0.5799510351320476 0.46417021028430305 
0.4461701580928039 0.15772581917083506 
0.8226320952822284 0.11963143599698223 
0.4711961967969379 0.5230062110934132 
0.3315407507110879 0.9906644066656431 
0.9339275487246762 0.2022917580164048 
0.02054997675868281 0.4079887884851155 
0.8840864004173801 0.5915241314582457 
0.854077116627822 0.7012918285641189 
0.800444639806688 0.43045748387537414 
0.06170719264998015 0.6434043489631953 
0.7594110612424398 0.9721114596619669 
0.4810099449678409 0.46438224806649997 
0.9291484037927489 0.3438507062338735 
0.10163342625992333 0.6329334277271603 
0.360329549294778 0.7469997437032512 
0.9206466528036116 0.5881397139922125 
0.29790746674250446 0.44458330738038054 
0.993806690157036 0.03754876176912986 
0.8471587451590414 0.586869033125317 
0.5755751283391406 0.009357656834571737 
0.03997292178070111 0.29853220565611716 
0.7650346840409854 0.8674602155993868 
0.9713357788010106 0.537895982763457 
0.3088252990975663 0.676320930513485 
0.6272049194556771 0.4964060046956283 
0.36410962061011043 0.6524477572998795 
0.8495738039298897 0.3188362646923937 
0.870089018597195 0.18518257247059627 
0.2104515550937222 0.7881027233919419 
0.4818142587937858 0.8442883461163639 
0.9264842900164669 0.5103788663086872 
0.6921511543083908 0.385271119964108 
0.16625133653197816 0.15860290519251852 
0.4665751254412378 0.2007884306266971 
0.6110063813705567 0.047083861552923933 
0.5134697925411484 0.10251540122292963 
0.6645894090426149 0.48711544342985064 
0.513445087067476 0.4958040290339142 
0.9855077693285212 0.6844088597796195 
0.2920158660452896 0.9029259970332537 
0.21375219239789017 0.01151701941222677 
0.5587443148283955 0.8380934490084873 
0.5369172582418683 0.7659399742498693 
0.9481592083895485 0.1841044915896079 
0.7112236683035259 0.3201426024570139 
0.8929569295404103 0.8562844427409546 
0.5074183362457001 0.7108194427363946 
0.2731841430431565 0.45051574066663413 
0.7005054190751517 0.12159488973865096 
0.766383882168393 0.3866253381248388 
0.7222619235344443 0.6176822170500457 
0.9229035737254339 0.771543382615184 
0.7349296995939958 0.25043887792531627 
0.3164911646742704 0.0115422803299422 
0.5346620506658596 0.3394019837121047 
0.6056945775540832 0.22565245291204794 
0.6328225290572587 0.40014843938777617 
0.6611199310728214 0.8669590494650661 
0.6772150577302776 0.6181814955826505 
0.8886622413393843 0.530364832084176 
0.43095592871229993 0.7448402218802097 
0.414630114492736 0.9849208282386148 
0.21398737845829802 0.8551678212188947 
0.24614191576380684 0.20136864387258008 
0.8146404269836945 0.6417745305812533 
0.21811032277448794 0.9289915978589836 
0.05157395031418077 0.3473957515060312 
0.5185384386360404 0.8315192933083928 
0.26876394847430984 0.13916113102609629 
0.4967391417585269 0.7576625706862494 
0.5413025397514131 0.4993781037958873 
0.09378869020510894 0.403072719616528 
0.03971298072612983 0.26411005777413654 
0.377655856654611 0.1370307646512655 
0.606996571932813 0.65891050221133 
0.7917584690625568 0.18071271074136747 
0.9056751325913874 0.22570362595382326 
0.6552827270357405 0.2443261736470808 
0.4110367518840326 0.4419322787332549 
0.1563747252741391 0.8349569161802775 
0.6702784864009532 0.42590430072468505 
0.5935843930122929 0.3445651481805987 
0.6612444699167104 0.1996989818416418 
0.461884347249642 0.7895606869301406 
0.3483943404988705 0.16804703561418283 
0.11971308647585899 0.41480661825009585 
0.9912426355195778 0.005026400677356269 
0.5598889524284849 0.5430030125572017 
0.7448987248208759 0.11298112934712234 
0.5636652752710196 0.6067078328824692 
0.8653347810343286 0.8910543787334704 
0.34400728705975603 0.5354426986067213 
0.6893302056637132 0.663036234180397 
0.48114110718024944 0.3429761959353646 
0.5905436363172039 0.2654254654592337 
0.159119050992026 0.051538504872884305 
0.8757260131907747 0.9532414766494308 
0.1670101699654804 0.9613712140620201 
0.8238297013902521 0.08746212435418532 
0.9691380007443868 0.012021037008743019 
0.8630832583284758 0.9765578863796183 
0.5719743238303621 0.3966530215193055 
0.28128553399819617 0.005806866454646342 
0.28050125225594535 0.9897997440092154 
0.5192504525167138 0.6772860076094767 
0.8611047673111398 0.27655306724378426 
0.8431885387095184 0.5557805635146097 
0.4526358753257081 0.9821163101039498 
0.4284891740200098 0.9498008410231165 
0.9257188312295779 0.08342628205181879 
0.4272921022288634 0.703984518034983 
0.9036265947416409 0.7601578112442551 
0.15237870287466598 0.40443704277275966 
0.9845699981976388 0.1641339632015602 
0.9647344184490543 0.6956682866584694 
0.7469512832175756 0.8589310745766955 
0.9364817980901826 0.22579656789168867 
0.6300213137092135 0.9136795244293392 
0.8029900812461059 0.4902123059925632 
0.1135447558015979 0.46083637687468815 
0.028225457052409197 0.6230832965209919 
0.3737993274643144 0.032404147920679915 
0.3074951905034956 0.11118941069341132 
0.13603770087196437 0.34307441862228283 
0.20040097041339827 0.3621557207930931 
0.9700586879499602 0.12043246504430388 
0.15116570458134226 0.5346250718027994 
0.06916422259849703 0.502413992192609 
0.45690087621746567 0.8396714589424497 
0.3956001386742899 0.8573280173033266 
0.6055164529625813 0.5273740167169086 
0.78167434651447 0.8524583086079873 
0.5237206469081485 0.7939258419505202 
0.6308791489745341 0.16091490981696127 
0.03173705627057971 0.6875603451310954 
0.18899369450698345 0.7358115515349116 
0.039264280326765655 0.5033014461726155 
0.3890472382355964 0.2800630282923629 
0.6218462387630733 0.9932713852227343 
0.05376639016160445 0.1588565703890064 
0.5939615503609673 0.757764523425684 
0.845302361650728 0.5173564664189408 
0.5135845967175668 0.2709572043624352 
0.42460591901719213 0.9060986192244883 
0.6624060024093932 0.2720259062609846 
0.061634919231527585 0.7340338752146526 
0.4364567042010528 0.6140429165064477 
0.5151735925460615 0.5294727950399668 
0.7851899871517126 0.20229841639534046 
0.43599745847258004 0.408041711452251 
0.06014415415159974 0.19751741650566113 
0.975007128975474 0.6645406452329948 
0.20244975113082153 0.561641860669912 
0.3811625405529081 0.6901189308679512 
0.7976660540160365 0.5173296128722359 
0.5049840623857538 0.012120895096196238 
0.17897579309741463 0.5054185172164564 
0.3624772353597134 0.21050218623753203 
0.9493303203535769 0.7156351051464515 
0.9495810513029027 0.33218304340504445 
0.20717412024321857 0.8346806644909908 
0.007194059075213921 0.14467932326759986 
0.04367144355263708 0.7891651966586755 
0.286954741485382 0.5174753390825113 
0.6889450628023118 0.9645492282475637 
0.10296095862360777 0.6494295083729458 
0.6744644791683962 0.642173330761283 
0.014765338889901114 0.8489008202367727 
0.14710608041859963 0.801787193545786 
0.7128276396355507 0.888898520403818 
0.9388244180087193 0.6400474039097128 
0.5965813436547991 0.5874902484960117 
0.9348259246960484 0.6727090364803887 
0.25122045188184733 0.6374117025102723 
0.16075619385592615 0.6916065557355846 
0.7808044864597643 0.648515489623676 
0.31523113288864324 0.7062001235207092 
0.6974473176839203 0.5148941120194436 
0.7904426271459486 0.05204336357398953 
0.2490649916493462 0.3610233352238871 
0.48234602880663036 0.5588569882166228 
0.6817609738649936 0.14297309198858316 
0.7657031700698942 0.0706277902103718 
0.6798916700585806 0.7774510549076481 
0.4894309060884568 0.7089482466358475 
0.10137340931363448 0.30347415427017954 
0.5505547630990483 0.6494033032765546 
0.25619716871803255 0.41121721847592013 
0.6696804944583346 0.9056689961665187 
0.4713111036225637 0.7184422745647925 
0.3513366879889212 0.9376211694099135 
0.8180835655330931 0.6198130002401394 
0.07570244326919234 0.6571394220935908 
0.9103760376809173 0.06327643784520848 
0.5208149512099498 0.7592572123904122 
0.5958693981298847 0.394237353058855 
0.5748798574045452 0.4309982225273706 
0.633706252434326 0.18753251260296633 
0.5860365707164165 0.880035462490431 
0.5882768036996697 0.29251642710969505 
0.5471402480579519 0.17462919221270845 
0.4932584137186577 0.6336947152679986 
0.9431658749551757 0.9393042652080307 
0.9139619117478497 0.6264852643837054 
0.7361984790365181 0.8087740080650084 
0.7557915587188513 0.24150596109707595 
0.037550978775880484 0.24089769687097878 
0.9927988962734506 0.3166158101032455 
0.09688183337408246 0.2682640935311963 
0.1692422492444831 0.9464483766109028 
0.4359739550370747 0.3325024073743188 
0.39663492886772594 0.47454557449937335 
0.4307352071516591 0.010201462416023321 
0.6140764867728853 0.2694755014658953 
0.5103765933876184 0.30049653182237107 
0.19561675437695897 0.4674901708467043 
0.8683114779431851 0.9315601126552253 
0.8282172973711446 0.3524627463152479 
0.07310966736555624 0.37216271467812956 
0.07588787651120049 0.22663448582617712 
0.2333489175230391 0.8087122082804854 
0.14296870420077973 0.4577494925984194 
0.17396811090691044 0.11846316445384147 
0.29036117473281164 0.629351113475347 
0.8700602143186652 0.2928706371639408 
0.8738355685774112 0.06730584628683028 
0.38454253560626844 0.6590255415283233 
0.27185164483179824 0.8745973656478124 
0.33159457205795156 0.809283336576136 
0.313505980501478 0.8573054634751716 
0.47993882680601435 0.31718523049493375 
0.005977961057331949 0.46300378995999014 
0.612668581929757 0.9022987533256914 
0.8851011758652023 0.016096667462976222 
0.7101324881109576 0.05468038442201645 
0.8910057356226887 0.9891466765588024 
0.11474451096748406 0.8524836086633263 
0.22360894234906642 0.2926609741882893 
0.4581751259127066 0.7512368348043752 
0.9324099866713402 0.12540734637019457 
0.9760424227280735 0.5731509660085885 
0.7160785551051669 0.7869157163977445 
0.1729680311430452 0.32431998601080697 
0.6140395696545011 0.936454759585122 
0.2656041670470593 0.9316742192227409 
0.4624475805028028 0.9060345402178152 
0.5193485180263947 0.439011058244969 
0.42264766197244574 0.16098140277235168 
0.3579060611947205 0.3229995425508104 
0.0246279408303669 0.7702382226261378 
0.43141852018205423 0.7994066327129965 
0.7635543854017192 0.33504165270038966 
0.762892076971048 0.7968831579130237 
0.4418987371683862 0.06128479490963684 
0.7926669220038913 0.8163900714492873 
0.2798002475702406 0.6877857059559629 
0.28310572231681896 0.4036460595328998 
0.27469400872511196 0.5313163413732892 
0.7352670852331766 0.6883609293218166 
0.13805935652291823 0.02755051102219419 
0.6127306608293358 0.33013458837455323 
0.34034257439888327 0.3845855780111662 
0.3563914841985282 0.24394813270983212 
0.5641014327131457 0.14099103873396907 
0.9451070493926361 0.25697992363065936 
0.4189508923479697 0.18692816911589916 
0.010511661128958516 0.17033048032498033 
0.9216348780889045 0.02008224565672423 
0.46266787835167483 0.09647002572258839 
0.965791841122972 0.8666472673878316 
0.6281528819958039 0.7125035470108019 
0.25723094591139006 0.8465406507899694 
0.916666284750546 0.7982902217658243 
0.7872817804053465 0.9425668688798867 
0.5042911460899494 0.9043109756802944 
0.3762011724803651 0.9042245683792314 
0.21563666119373448 0.33641350752178456 
0.596785702440383 0.8629574374272848 
0.90559431324192 0.5465259810835372 
0.8496496039250347 0.37089980692995755 
0.7440376521293619 0.9317290615905224 
0.27108708782633506 0.03089975374981757 
0.11117119933007513 0.2865704459251399 
0.2709611737310519 0.4703352781147111 
0.9144843683623002 0.683739022616894 
0.006513690772890379 0.5263529683769466 
0.4986194244725003 0.15287009792415301 
0.7736854170249845 0.26411720967500213 
0.4185224821299106 0.8771463128780735 
0.056660387629758224 0.6031902254112346 
0.6312455872632039 0.811155275081426 
0.8970140286386865 0.4816063139326904 
0.744312321973781 0.43702917474004477 
0.4566057084137746 0.45927862163158595 
0.7145993819573895 0.17623389086407532 
0.24509579181575564 0.7973634760846338 
0.40576471961474475 0.14535746547268097 
0.7528706976353374 0.18151796132135622 
0.6353922804299634 0.13512775019951906 
0.39474018764437296 0.06419527197768143 
0.7331228293107623 0.3734645989897117 
0.8578653557085099 0.08680269377749883 
0.8057703498636964 0.24998428352899665 
0.9334264941711496 0.49391641928806723 
0.7930650939115761 0.9736910247823212 
0.980735085265533 0.26577850916635637 
0.02499962194449873 0.7113627405149194 
0.12787710163630678 0.0520919676448125 
0.39519399225883517 0.5288739319603983 
0.6547276623298107 0.05096073409100832 
0.5994241069530125 0.8125322454792887 
0.29561984982985556 0.5561237604261865 
0.19481564192465617 0.027252659942562096 
0.00890586872688226 0.566855965768561 
0.5196881084942185 0.06347352900056163 
0.6213249579122511 0.598316315877513 
0.6434308655896003 0.5882786514676313 
0.3115807061007454 0.18247423621488656 
0.7223885843866878 0.29453339142436696 
0.31019607666903537 0.4803427020031281 
0.7881562771602206 0.7268358432333218 
0.48414291089547495 0.2716101141999235 
0.48347079988609337 0.6732946710932318 
0.41414607490300764 0.5753009651606421 
0.29363933350178284 0.17122382493305321 
0.9585062556864119 0.4374825313034293 
0.7848427254989563 0.9131347709825446 
0.25574303677499743 0.055921815372627026 
0.7565077549458867 0.5413233516174482 
0.7802440315442428 0.3073207984140147 
0.9779738559382924 0.05884970682170815 
0.1472901903362704 0.3032534848996468 
0.8009783298650883 0.44903700658358836 
0.3635945952395434 0.8488391744155914 
0.7157827534718737 0.23441798827788535 
0.3211396714925946 0.21846310826376308 
0.9913639347880895 0.6207305106083006 
0.21351984814877528 0.5886459268005598 
0.17670622409607661 0.021532527832144766 
0.5709790101424622 0.9511273118744575 
0.20411337726421191 0.5242270312858708 
0.3141309868909409 0.05450077991607205 
0.7166435792760284 0.7283751497238146 
0.8810275907376869 0.6349342852783608 
0.4432927551606514 0.10740128558009293 
0.3197629917861648 0.3598917282465214 
0.6440215954900578 0.3058840993291005 
0.6203264444516132 0.561311475075425 
0.1492076264565113 0.24638874861204335 
0.3736513952144058 0.19433761154272822 
0.21281056959433292 0.4142807571862347 
0.45404346663073875 0.034975000969592995 
0.31642578111789416 0.8955646476159957 
0.23481810426131577 0.5436097945519295 
0.7072916137357856 0.6775560147945734 
0.6721316628292056 0.8062432694228242 
0.26434330579463705 0.763842029105405 
0.6472829355850062 0.034094732035894304 
0.9151177591151596 0.8775449789463856 
0.37748848459779405 0.3739654840813305 
0.6599968366618275 0.07723755512233776 
0.14389412683730235 0.7129962041593566 
0.15766583046760324 0.8703855090823116 
0.17874102700321376 0.1849724116703999 
0.0087343053745228 0.2662268175286441 
0.003335934065574586 0.6304346343246228 
0.6385031545929499 0.9407567469753284 
0.12944816727382985 0.07422209943916319 
0.08823031366375733 0.5421503440606757 
0.8094088239209047 0.5954571977474057 
0.8388953564019102 0.7365292069073237 
0.75689021458899 0.7453470101389994 
0.9762659858769798 0.4707904494744446 
0.9456705867605333 0.9080330667523817 
0.7080573097560438 0.14816174910677116 
0.03781955152193878 0.8648881971426716 
0.05312146483033103 0.41835852462710343 
0.6272747629923549 0.688833751383815 
0.6646189034477851 0.5061105800782715 
0.7842706085263453 0.46682720708516556 
0.9024962068850559 0.6343174218495491 
0.6828274898905898 0.07334785293074642 
0.5535934004549693 0.2878235748861366 
0.14639263123242824 0.2709859333729585 
0.4860645183800559 0.8679197467917437 
0.40488302277360877 0.5589557024200739 
0.7513013582466149 0.6760070522158443 
0.08585203939057212 0.16610518479574182 
0.25361490005873477 0.12372216012329806 
0.04633068563255616 0.3825360697918058 
0.33549933335903415 0.2704473041372935 
0.2095841743186166 0.09424454209541511 
0.20188980832015002 0.9097354112642821 
0.5037327714669219 0.9728053261323415 
0.5858340891753081 0.19682425891507294 
0.15287982941685868 0.1967866240453649 
0.9179787212386739 0.3180274866478898 
0.6057686752802055 0.973659673647977 
0.7447543294096708 0.8412382278487035 
0.9412770731325726 0.29843506916626467 
0.6990012055959038 0.7771779193631707 
0.3741552944944205 0.7130422261975893 
0.7226491610460789 0.1247993163804379 
0.849752020772327 0.6331914203460315 
0.9161492789576904 0.2382354535231982 
0.6858160925364333 0.3523009211038213 
0.6884055359538824 0.21985473444434922 
0.528856390684693 0.08812052917393481 
0.7036971774730467 0.751853937037485 
0.786552894528304 0.8893786846680987 
0.32221970303437963 0.24063135754247567 
0.07781158353202444 0.8103666752495583 
0.8925324043256446 0.3891339987289897 
0.14355023598700895 0.9193121336673472 
0.9332395864318315 0.975001135988568 
0.6821774015285241 0.2636034995941965 
0.3009716152500185 0.7799662241017528 
0.82291007789535 0.9019240356474975 
0.17737124059623438 0.5775030637515602 
0.9764264961616127 0.7432722801727555 
0.7896188304945766 0.07508221516716129 
0.5197149304265786 0.12261559450673953 
0.07204323054635342 0.27996122773973275 
0.2861371801477316 0.9612778470892784 
0.16125029543096553 0.9290058570681339 
0.8291103272112852 0.511157197606302 
0.8456045746528964 0.9608743223463445 
0.3123573528033068 0.652165704379324 
0.08805992748522251 0.34028498610288915 
0.5023278968015957 0.8152390251161814 
0.11001511734421626 0.8982373066476719 
0.9590430281326257 0.632870442108432 
0.40838132688615947 0.22283425145628938 
0.8280627003112744 0.010069561640761004 
0.3922853300600533 0.35893361811611796 
0.733232266109973 0.7718915159468965 
0.22306256312737133 0.6275915162298101 
0.6242939136165828 0.8651062120086648 
0.6908624047708785 0.16609654051647277 
0.8479318190025178 0.8364030290436446 
0.4475001393606657 0.937841135965818 
0.8383874415519876 0.39331220251668086 
0.5487717956446946 0.9922009357734016 
0.26883562888877843 0.3117632078320398 
0.30142813214123143 0.3927883576094268 
0.05303080233302487 0.8541324754553123 
0.6721489658426094 0.7320844364193876 
0.7596139546773275 0.9951559583404526 
0.4820005052285583 0.7945808791890754 
0.9587082210011114 0.5141280798282902 
0.47617508761184174 0.21648666950679768 
0.8727814848588825 0.25750018552865916 
0.022472904144824835 0.9012843933903025 
0.8844968447971204 0.6598389473448252 
0.6162274057869027 0.4156673935412264 
0.30081968606801 0.7155447188871107 
0.8421977043046769 0.29830692575108175 
0.4497233384291338 0.8634414763598822 
0.36248842356806293 0.5789615176491646 
0.41611015606006996 0.7822453972554158 
0.9960967230276168 0.26199421898492176 
0.9410929533690068 0.5566485921226612 
0.22525350157879281 0.6663366753366693 
0.7498409563831023 0.09088421568461968 
0.3437160316018215 0.7774102042814404 
0.7634479701047048 0.6142180270513651 
0.6710494396763753 0.22435922060546482 
0.12562349385290839 0.624734763863382 
0.6093441077142184 0.14034747213217263 
0.10386985078150135 0.04903864174887124 
0.1837441212245456 0.6307116726858912 
0.7425606216345839 0.7083619895856299 
0.7711419935820243 0.7694759353601452 
0.3386070420580215 0.8917289391824309 
0.956461445400723 0.07795756056635356 
0.5255353583505606 0.3134455202970804 
0.10952729034351627 0.69692358541219 
0.20326002964470558 0.7040720610846115 
0.3054722272768451 0.5229855357494504 
0.6000512749484221 0.02458581140820293 
0.03824836554104244 0.5264103323110181 
0.26859918674500527 0.1909119354717645 
0.006928522467996023 0.6847973744030998 
0.9444619661827698 0.8203952998598887 
0.0435092316652107 0.05032961170541733 
0.3675817592690953 0.803536475114105 
0.6511489664258068 0.7995748847993236 
0.5769623530567309 0.10465762344951457 
0.5846217925241727 0.5707348626482769 
0.8664451162970037 0.6016317630017355 
0.9329655201633068 0.4149701571325291 
0.9043011955840445 0.3678030311709127 
0.6992758553496462 0.10402769234608189 
0.9258991077286077 0.607712720407126 
0.8726978750939776 0.7088034130846881 
0.3906886166469058 0.25432503772653464 
0.5829235758681249 0.9940580121851692 
0.39632951137508043 0.5484707942058511 
0.33350848168772484 0.1061887673647755 
0.9786931514817736 0.9215722406883703 
0.12495580838943166 0.9223672052698905 
0.45027026618681043 0.6930905285053262 
0.381666243329548 0.7580164713363813 
0.1178429132083137 0.8069634946872216 
0.693978864883386 0.4093548211134652 
0.7069588183961651 0.81479502962133 
0.18531181485822446 0.7141111499549235 
0.9739282354320469 0.9853784493828683 
0.9209607773174739 0.9499232375774405 
0.5357477039920245 0.6821264971182893 
0.1949643871049495 0.6584842057678799 
0.662840732129444 0.6941127526333635 
0.39649688044535875 0.10470591019927816 
0.8187022498424545 0.44994756767873206 
0.4991199998688997 0.42716704654647253 
0.7360630682552581 0.4065073292426983 
0.06030081443911972 0.2626318111241846 
0.18435737203280372 0.0680261988816887 
0.8519411168638293 0.34306186611500733 
0.8075741670102177 0.16996236821657795 
0.1224257809509341 0.5653453940367424 
0.0726821933943344 0.0617675281948768 
0.926372031107473 0.04153138826118341 
